,Chlorocebus_sabaeus,Trichechus_manatus,Galeopterus_variegatus,Homo_sapiens,Rousettus_aegyptiacus,Monodelphis_domestica,Condylura_cristata,Aotus_nancymaae,Microtus_ochrogaster,Lipotes_vexillifer,Microcebus_murinus,Sarcophilus_harrisii,Papio_anubis,Heterocephalus_glaber,Otolemur_garnettii,Nannospalax_galili,Balaenoptera_acutorostrata,Ailuropoda_melanoleuca,Colobus_angolensis,Capra_hircus,Pongo_abelii,Mustela_putorius,Myotis_davidii,Camelus_ferus,Bos_mutus,Panthera_pardus,Ornithorhynchus_anatinus,Nomascus_leucogenys,Bison_bison,Elephantulus_edwardii,Fukomys_damarensis,Macaca_nemestrina,Cebus_capucinus,Sorex_araneus,Acinonyx_jubatus,Tupaia_chinensis,Odobenus_rosmarus,Bos_indicus,Mus_caroli,Chrysochloris_asiatica,Miniopterus_natalensis,Rattus_norvegicus,Peromyscus_maniculatus,Eptesicus_fuscus,Castor_canadensis,Echinops_telfairi,Mus_pahari,Carlito_syrichta,Phascolarctos_cinereus,Dipodomys_ordii,Myotis_lucifugus,Rhinopithecus_bieti,Camelus_bactrianus,Marmota_marmota,Octodon_degus,Meriones_unguiculatus,Loxodonta_africana,Ursus_maritimus,Canis_lupus,Cricetulus_griseus,Dasypus_novemcinctus,Myotis_brandtii,Neomonachus_schauinslandi,Mandrillus_leucophaeus,Macaca_fascicularis,Erinaceus_europaeus,Leptonychotes_weddellii,Manis_javanica,Saimiri_boliviensis,Ochotona_princeps,Felis_catus,Pan_paniscus,Callithrix_jacchus,Physeter_catodon,Bubalus_bubalis,Equus_caballus,Mus_musculus,Hipposideros_armiger,Cavia_porcellus,Jaculus_jaculus,Pantholops_hodgsonii,Ovis_aries,Sus_scrofa,Vicugna_pacos,Cercocebus_atys,Chinchilla_lanigera,Pan_troglodytes,Panthera_tigris,Pteropus_alecto,Rhinopithecus_roxellana,Macaca_mulatta,Propithecus_coquereli,Odocoileus_virginianus,Orycteropus_afer,Ictidomys_tridecemlineatus,Gorilla_gorilla,Tursiops_truncatus,Equus_asinus,Ceratotherium_simum,Oryctolagus_cuniculus,Bos_taurus,Rhinolophus_sinicus,Equus_przewalskii,Camelus_dromedarius,Pteropus_vampyrus,Orcinus_orca,Mesocricetus_auratus
Chlorocebus_sabaeus,0.0,0.595864239155,0.590594462541,0.541967337638,0.587997302765,0.613845808047,0.598561474489,0.536289433047,0.609799955046,0.590469768487,0.554057091481,0.618790739492,0.399481753401,0.578781748708,0.6028320971,0.587547763542,0.594515621488,0.591368846932,0.45266206282,0.57720836143,0.53795379538,0.578556979096,0.592492694988,0.589570690043,0.579456057541,0.566194650483,0.603572206491,0.510901326141,0.577657900652,0.591368846932,0.57923128793,0.383192153366,0.532175462035,0.593391773432,0.612946729602,0.579456057541,0.584176219375,0.58507529782,0.587997302765,0.611822881546,0.595189930321,0.600842105263,0.58507529782,0.598561474489,0.570882947652,0.602607327489,0.588671611598,0.567093728928,0.625983367049,0.599460552933,0.580355135986,0.462234378287,0.612272420769,0.586648685098,0.592492694988,0.590469768487,0.603955945156,0.594290851877,0.567318498539,0.60679716068,0.570680628272,0.569453734671,0.590020229265,0.425503355705,0.380984490897,0.586199145875,0.586686328207,0.571428571429,0.54596538548,0.5987862441,0.573612047651,0.494784876141,0.552483704203,0.58912115082,0.575113808801,0.593391773432,0.595049705823,0.578332209485,0.593167003821,0.607777028546,0.599235873718,0.571457990115,0.569790964262,0.587322993931,0.384131265453,0.596988087211,0.522011348073,0.606877950101,0.594740391099,0.432635060639,0.383506982931,0.56169925826,0.563272645538,0.596988087211,0.584850528209,0.525474525475,0.589570690043,0.568667116206,0.574735895707,0.591818386154,0.57338727804,0.591593616543,0.567567567568,0.629804450438,0.585524837042,0.597662396044,0.598561474489
Trichechus_manatus,0.595864239155,0.0,0.622557003257,0.635396885682,0.545884827768,0.606409001957,0.563421052632,0.60710346349,0.592780884596,0.565526315789,0.587107208872,0.588684210526,0.607428201252,0.579960994637,0.568258064516,0.597259603621,0.575789473684,0.564629388817,0.614613499666,0.576762466225,0.637582508251,0.563739376771,0.597312215023,0.567857142857,0.589416489487,0.586784550954,0.640165541276,0.602187286398,0.59477124183,0.597170686456,0.574805068226,0.593178778422,0.608773101759,0.555126223596,0.577105263158,0.594029149036,0.55325213786,0.583713668028,0.602309468822,0.566817952597,0.557105263158,0.634736842105,0.604286702005,0.563684210526,0.612446641204,0.559582790091,0.59219605044,0.599632690542,0.581578947368,0.588595203133,0.602883050453,0.62549968441,0.575263157895,0.592989985694,0.590179873602,0.606655881673,0.533157894737,0.570612668744,0.581221337195,0.634545063455,0.600785340314,0.614269788183,0.563570316554,0.606711409396,0.591896785876,0.58496969697,0.612386770592,0.604769264738,0.585294831352,0.576767676768,0.585476190476,0.607996523251,0.59962406015,0.57870606215,0.608931281162,0.563494132986,0.637857577602,0.584318455971,0.574262461851,0.580526315789,0.63281721295,0.613467874794,0.566883767535,0.565063291139,0.597931189566,0.565057712487,0.635492075915,0.570904325033,0.565789473684,0.610363836825,0.602527155841,0.568739162745,0.597615834458,0.545102093564,0.578201368524,0.635164835165,0.586906876427,0.573246878002,0.56383245548,0.568947368421,0.589134524929,0.581325301205,0.599025254763,0.588684210526,0.562721294891,0.568947368421,0.597528471044
Galeopterus_variegatus,0.590594462541,0.622557003257,0.0,0.593619445499,0.618078175896,0.625203583062,0.627239413681,0.593648208469,0.625203583062,0.625407166124,0.591815960912,0.64759771987,0.582043973941,0.610342019544,0.622964169381,0.615838762215,0.623982084691,0.61848534202,0.603013029316,0.608509771987,0.590594462541,0.614006514658,0.618281758958,0.611563517915,0.597923452769,0.593241042345,0.617263843648,0.60016286645,0.596294788274,0.615635179153,0.60667752443,0.59486970684,0.595684039088,0.615635179153,0.630496742671,0.605456026059,0.614413680782,0.610342019544,0.613802931596,0.631718241042,0.624389250814,0.595480456026,0.60993485342,0.622353420195,0.601180781759,0.630293159609,0.614820846906,0.598737785016,0.645154723127,0.623982084691,0.609120521173,0.584283387622,0.635993485342,0.603623778502,0.619096091205,0.602605863192,0.626628664495,0.619299674267,0.605456026059,0.606473941368,0.590187296417,0.603013029316,0.621335504886,0.593241042345,0.588965798046,0.616653094463,0.588151465798,0.584894136808,0.604030944625,0.623778501629,0.602198697068,0.584283387622,0.610545602606,0.624185667752,0.59263029316,0.623778501629,0.588760397647,0.608102605863,0.618281758958,0.631921824104,0.583752262216,0.5625,0.604438110749,0.615431596091,0.586522801303,0.620521172638,0.576208178439,0.62825732899,0.627850162866,0.58733713355,0.58733713355,0.596905537459,0.590390879479,0.624185667752,0.609324104235,0.576223776224,0.619096091205,0.598330618893,0.609324104235,0.628868078176,0.599348534202,0.617671009772,0.594055374593,0.648819218241,0.619299674267,0.631921824104,0.61421009772
Homo_sapiens,0.541967337638,0.635396885682,0.593619445499,0.0,0.627421192556,0.646221040638,0.644132168629,0.566654006836,0.651348271933,0.63463729586,0.597417394607,0.661792631979,0.526585643752,0.625522218002,0.636916065325,0.639194834789,0.636536270414,0.633118116217,0.54310672237,0.622483858716,0.506646410938,0.626091910368,0.631978731485,0.63216862894,0.621534371439,0.607861754652,0.633497911128,0.501898974554,0.620584884163,0.62932016711,0.627041397645,0.54310672237,0.569692366122,0.634827193316,0.650778579567,0.623813140904,0.626091910368,0.626661602735,0.633687808583,0.64451196354,0.644132168629,0.607671857197,0.624762628181,0.636346372959,0.611849601215,0.644132168629,0.635966578048,0.609950626662,0.667679453095,0.629699962021,0.619825294341,0.539118875807,0.657614887961,0.627041397645,0.628750474744,0.632358526396,0.646600835549,0.633118116217,0.616407140144,0.624192935815,0.597797189518,0.608431447019,0.63463729586,0.53323205469,0.54310672237,0.625332320547,0.597227497152,0.601595138625,0.593049753133,0.640903911888,0.618116217243,0.413976452716,0.594189137866,0.632738321306,0.607481959742,0.632548423851,0.600835548804,0.62191416635,0.636346372959,0.644701860995,0.598176984428,0.576718571971,0.617736422332,0.633118116217,0.538549183441,0.636346372959,0.369350550703,0.644701860995,0.640714014432,0.536080516521,0.537409798709,0.606912267376,0.604633497911,0.641473604254,0.624003038359,0.402392707938,0.635776680592,0.611279908849,0.627421192556,0.648120015192,0.615077857957,0.631029244208,0.604443600456,0.670148120015,0.631219141664,0.645081655906,0.638435244968
Rousettus_aegyptiacus,0.587997302765,0.545884827768,0.618078175896,0.627421192556,0.0,0.590753424658,0.542729424139,0.601588352085,0.573462125064,0.556402839863,0.577171903882,0.586379174336,0.600734182682,0.568746952706,0.568258064516,0.58062148275,0.539311070208,0.550845253576,0.609267097349,0.553672316384,0.62004950495,0.542106618594,0.575233981281,0.55306122449,0.578549492086,0.574918566775,0.623393596166,0.589655958077,0.581932773109,0.597402597403,0.569444444444,0.593624609897,0.590737029615,0.553580628542,0.562976597423,0.576163610719,0.533557916559,0.575066058131,0.601385681293,0.580433686334,0.541414672627,0.620842105263,0.595989859415,0.546936628977,0.600763873287,0.549934810952,0.590768498691,0.592056932966,0.585853273731,0.576603034753,0.585910253429,0.614769619188,0.560872995004,0.583690987124,0.579241614001,0.594869424544,0.559558243492,0.55010384216,0.565532223027,0.623790062379,0.593804537522,0.594871794872,0.539180072652,0.602684563758,0.589859665007,0.573333333333,0.602485780493,0.587326120556,0.577044406697,0.568181818182,0.572619047619,0.600173837462,0.589285714286,0.559347936831,0.599393019727,0.547588005215,0.62893081761,0.566706875754,0.568667344863,0.574546410728,0.625578121858,0.595551894563,0.551603206413,0.558734177215,0.588936361592,0.549842602308,0.619252592448,0.554128440367,0.45937417828,0.598676957001,0.597871868765,0.565023532326,0.581196581197,0.557766864823,0.566471163245,0.623176823177,0.568129916265,0.560999039385,0.553298219212,0.556665790166,0.575023518344,0.550702811245,0.587948604342,0.579805416776,0.474962063733,0.561661845911,0.585170826266
Monodelphis_domestica,0.613845808047,0.606409001957,0.625203583062,0.646221040638,0.590753424658,0.0,0.599315068493,0.621883962056,0.594422700587,0.617416829746,0.605129390018,0.58904109589,0.616713452818,0.587518283764,0.599559686888,0.587328767123,0.607387475538,0.595645792564,0.621296502562,0.582925636008,0.635932343234,0.594911937378,0.610031197504,0.601272015656,0.593432553744,0.600977198697,0.633848834677,0.610161768057,0.59593837535,0.605287569573,0.588450292398,0.61413285778,0.611667780004,0.595645792564,0.611056751468,0.601786553832,0.598091976517,0.595484025943,0.600923787529,0.593444227006,0.601761252446,0.624631578947,0.602903894907,0.613258317025,0.611098629521,0.595645792564,0.588389245777,0.608356290174,0.583170254403,0.59686888454,0.608463148105,0.638964864296,0.624021526419,0.595851216023,0.595770539621,0.598798243587,0.598825831703,0.589774951076,0.591117547671,0.62680146268,0.611256544503,0.617614269788,0.601516634051,0.61610738255,0.611588954278,0.599757575758,0.626922266695,0.610289247074,0.601310361563,0.603473581213,0.59619047619,0.617340286832,0.608082706767,0.60102739726,0.618903099935,0.598825831703,0.625481842159,0.59517490953,0.593933463796,0.61668297456,0.639251960587,0.617792421746,0.583659491194,0.602739726027,0.612772655723,0.605430528376,0.634905106633,0.60469667319,0.608610567515,0.618522601985,0.617601418754,0.59271037182,0.608187134503,0.601516634051,0.588220918866,0.636763236763,0.603962818004,0.591498559078,0.594178082192,0.603228962818,0.603715898401,0.593688845401,0.610766504209,0.635273972603,0.601761252446,0.621575342466,0.600436152169
Condylura_cristata,0.598561474489,0.563421052632,0.627239413681,0.644132168629,0.542729424139,0.599315068493,0.0,0.613280388264,0.582867310625,0.566194169564,0.588724584104,0.590513833992,0.616281580652,0.578985860556,0.577032258065,0.590653290922,0.557225738397,0.564369310793,0.614167966139,0.570867108818,0.631188118812,0.55755858872,0.588912886969,0.571428571429,0.587999055044,0.587947882736,0.630799390111,0.605149236728,0.588468720822,0.600649350649,0.576754385965,0.60789121712,0.610554442218,0.557444616177,0.568997607019,0.596850023507,0.566986265872,0.58659620466,0.604618937644,0.595310136157,0.559841479524,0.635368421053,0.601751555658,0.560416110963,0.610649292294,0.565058670143,0.596954556269,0.601469237833,0.588797451553,0.588350465002,0.608463148105,0.62844519251,0.55374862183,0.599189318073,0.588964511424,0.597411601572,0.566472457627,0.566978193146,0.576635288438,0.632178963218,0.598603839442,0.614938684504,0.561235080436,0.614765100671,0.596423721141,0.580606060606,0.625236991784,0.599470081696,0.581654938122,0.578787878788,0.589523809524,0.610169491525,0.603383458647,0.579979623026,0.608280945155,0.567926988266,0.634814363968,0.580699638118,0.575279755849,0.576266666667,0.630404182586,0.606878088962,0.566633266533,0.570126582278,0.600629637958,0.562172088143,0.633731168069,0.56880733945,0.545921123717,0.611025358324,0.606295721569,0.567748327966,0.594466936572,0.562677694495,0.586754643206,0.631968031968,0.574727226592,0.578049951969,0.558565337346,0.558170280275,0.587723424271,0.578564257028,0.609437306159,0.569184123484,0.564491654021,0.54355016538,0.597528471044
Aotus_nancymaae,0.536289433047,0.60710346349,0.593648208469,0.566654006836,0.601588352085,0.621883962056,0.613280388264,0.0,0.609530112508,0.609750716964,0.572689168321,0.63622325171,0.541783632045,0.586587249062,0.610633134789,0.605118023384,0.603794396647,0.606221045665,0.548422678138,0.584822413413,0.571988448845,0.596293845136,0.606662254578,0.606441650121,0.587028457975,0.576218839621,0.611413635374,0.546437238032,0.583719391132,0.596514449592,0.59894109861,0.538716082065,0.481138318994,0.606441650121,0.619236708582,0.590116920362,0.597396867417,0.589896315906,0.597617471873,0.617692477388,0.606441650121,0.601263157895,0.597396867417,0.614824619457,0.591881756011,0.60710346349,0.606441650121,0.581954555482,0.636443856166,0.604676814472,0.592764173836,0.560698506207,0.625193028899,0.593205382749,0.605559232296,0.597617471873,0.610191925877,0.610412530333,0.593205382749,0.600559260056,0.573516579407,0.58614604015,0.597396867417,0.552614162806,0.538495477609,0.595852636223,0.588371603118,0.573792190602,0.50231634679,0.613059783808,0.589455106993,0.539330725771,0.514008382969,0.599602911979,0.586819856926,0.60070593426,0.602759180361,0.590558129274,0.609088903596,0.619016104125,0.602051075809,0.576812191104,0.589455106993,0.597617471873,0.536510037503,0.61173615707,0.562707884954,0.613280388264,0.611956761527,0.541124586549,0.536951246415,0.586807853519,0.575777630708,0.606221045665,0.589455106993,0.557442557443,0.600264725347,0.577101257445,0.589234502537,0.617030664019,0.579527906464,0.60247076991,0.568277079197,0.64085594529,0.599382307523,0.606441650121,0.611515552614
Microtus_ochrogaster,0.609799955046,0.592780884596,0.625203583062,0.651348271933,0.573462125064,0.594422700587,0.582867310625,0.609530112508,0.0,0.596339603457,0.592652495379,0.599898322318,0.616497516735,0.57289127255,0.57905439756,0.578908735013,0.591509913574,0.581342145399,0.627533971931,0.567673790224,0.641707920792,0.573716319268,0.600431965443,0.576004067107,0.595086227262,0.59097254537,0.64365062078,0.620870357712,0.59477124183,0.602272727273,0.5772417154,0.608114132858,0.608105099087,0.577529232334,0.598118962888,0.594734367654,0.578800203355,0.59019937545,0.574133949192,0.591023701462,0.581342145399,0.605052631579,0.557040792809,0.589730554143,0.595147157942,0.579308591764,0.562217463716,0.604912764004,0.600406710727,0.58541360744,0.599860497559,0.636440143068,0.59532282664,0.584644730567,0.578269324259,0.57638086434,0.584646670056,0.576004067107,0.579773111272,0.591525059153,0.60667539267,0.618060200669,0.581087951195,0.61610738255,0.605703938434,0.590303030303,0.631346113335,0.605652461912,0.583596214511,0.581818181818,0.592857142857,0.620165145589,0.601973684211,0.581596339603,0.608497723824,0.583629893238,0.603976465815,0.589143546441,0.559227249619,0.57905439756,0.630203096722,0.607701812191,0.565380761523,0.581012658228,0.606026534743,0.572953736655,0.641166112307,0.584392475852,0.582358922217,0.623153252481,0.6142762137,0.580876888779,0.605488079172,0.574733096085,0.573313782991,0.639360639361,0.589190560771,0.584534101825,0.569852019062,0.588205388917,0.593367826905,0.577560240964,0.610988037218,0.611337061515,0.575619625695,0.596085409253,0.551005573055
Lipotes_vexillifer,0.590469768487,0.565526315789,0.625407166124,0.63463729586,0.556402839863,0.617416829746,0.566194169564,0.609750716964,0.596339603457,0.0,0.59011090573,0.597101449275,0.605268840423,0.58288639688,0.570322580645,0.600929777343,0.458860759494,0.569830949285,0.605925595901,0.553917956276,0.625206270627,0.553438063353,0.585793136549,0.555612244898,0.56980864635,0.589809213588,0.637769549118,0.606971975393,0.578664799253,0.604823747681,0.582358674464,0.596968345965,0.602315742596,0.565945388975,0.571124700877,0.595439586272,0.553770406841,0.577227960605,0.612240184758,0.59127584468,0.565653896962,0.641263157895,0.613044480295,0.557748732995,0.614693327342,0.567144719687,0.612419700214,0.603305785124,0.600743297053,0.591532060695,0.600325505696,0.625920471281,0.558438085049,0.595135908441,0.592124453087,0.608273630691,0.566472457627,0.572170301142,0.578324885349,0.637986663799,0.612129144852,0.60602006689,0.563310845874,0.607382550336,0.599592575826,0.598545454545,0.609226880135,0.600132479576,0.583110895414,0.581060606061,0.58880952381,0.606258148631,0.601973684211,0.481660723383,0.595491003685,0.557235984355,0.640900791236,0.581905910736,0.583672431333,0.578933333333,0.615121656948,0.594934102142,0.559368737475,0.565316455696,0.598156060265,0.57240293809,0.629622383095,0.570642201835,0.547740037443,0.603307607497,0.602748836178,0.572950210552,0.592667566352,0.568105453606,0.588465298143,0.630969030969,0.473483887338,0.56916426513,0.562578379734,0.569539925965,0.574788334901,0.570281124498,0.600132919805,0.57689221717,0.564491654021,0.386734420968,0.600193845408
Microcebus_murinus,0.554057091481,0.587107208872,0.591815960912,0.597417394607,0.577171903882,0.605129390018,0.588724584104,0.572689168321,0.592652495379,0.59011090573,0.0,0.615295748614,0.561865687756,0.561922365989,0.582024029575,0.586182994455,0.58803142329,0.585027726433,0.572287814658,0.56146025878,0.592409240924,0.568622920518,0.575092421442,0.574630314233,0.555914972274,0.558225508318,0.597037682422,0.569833675097,0.565850277264,0.580175600739,0.576709796673,0.550156041016,0.560008906702,0.576940850277,0.600970425139,0.56146025878,0.579482439926,0.57185767098,0.580369515012,0.593576709797,0.58803142329,0.598736842105,0.571560267343,0.589648798521,0.580319029432,0.589879852126,0.580406654344,0.565426997245,0.620147874307,0.586182994455,0.574168207024,0.586787292236,0.604898336414,0.572550831793,0.570702402957,0.568160813309,0.590341959335,0.587800369686,0.567236598891,0.601634760163,0.567408376963,0.577703455964,0.577634011091,0.573601789709,0.555228610231,0.573012939002,0.588582262482,0.578935747406,0.564695009242,0.594038817006,0.570702402957,0.561929595828,0.574399260628,0.586414048059,0.576631259484,0.58595194085,0.606411036721,0.575785582255,0.575785582255,0.595425138632,0.599839131309,0.569398682043,0.564463955638,0.574630314233,0.555880368788,0.576940850277,0.585404030522,0.598197781885,0.588955637708,0.560970231533,0.557969408114,0.513632162662,0.564102564103,0.591959334566,0.573475046211,0.589210789211,0.583179297597,0.557763401109,0.562153419593,0.591266173752,0.563077634011,0.576940850277,0.571112095702,0.617375231054,0.572088724584,0.590573012939,0.584334565619
Sarcophilus_harrisii,0.618790739492,0.588684210526,0.64759771987,0.661792631979,0.586379174336,0.58904109589,0.590513833992,0.63622325171,0.599898322318,0.597101449275,0.615295748614,0.0,0.632044914705,0.597025841053,0.592516129032,0.603376559824,0.593939393939,0.585955786736,0.636444642459,0.599115696389,0.656353135314,0.58125160958,0.617710583153,0.585969387755,0.607370659107,0.612145183806,0.645175343063,0.630439735703,0.610877684407,0.623608534323,0.597953216374,0.62037449844,0.629703852149,0.588614116435,0.593412384717,0.618946873531,0.5859030837,0.609176074946,0.616859122402,0.608421583459,0.589459815547,0.636210526316,0.616271030191,0.587615283267,0.618962031004,0.587222946545,0.614323102546,0.626951331497,0.5604743083,0.605482134116,0.62729597768,0.648853355775,0.597891963109,0.607773009061,0.607194944093,0.608735844696,0.577865612648,0.58696780893,0.613082307507,0.636911163691,0.62020069808,0.634113712375,0.600155682408,0.629082774049,0.625396106836,0.609454545455,0.645881609438,0.626186796202,0.611016743509,0.60202020202,0.61380952381,0.632768361582,0.620065789474,0.602394294447,0.630392369391,0.589830508475,0.641509433962,0.611821471653,0.590539165819,0.589196310935,0.654534486226,0.634266886326,0.586673346693,0.592151898734,0.625590285586,0.586568730325,0.655644687928,0.585583224115,0.593939393939,0.629768467475,0.630458878297,0.599207332177,0.620782726046,0.58904109589,0.600928641251,0.653746253746,0.60568383659,0.604707012488,0.598695761224,0.587351778656,0.614534336783,0.60015060241,0.633362871068,0.613702239789,0.603439554881,0.605533596838,0.610370729343
Papio_anubis,0.399481753401,0.607428201252,0.582043973941,0.526585643752,0.600734182682,0.616713452818,0.616281580652,0.541783632045,0.616497516735,0.605268840423,0.561865687756,0.632044914705,0.0,0.592528611531,0.608507881667,0.604405096092,0.607860073418,0.60872381775,0.466853811272,0.593392355863,0.533209570957,0.596415461024,0.597495141438,0.602677607428,0.589073634204,0.572446555819,0.603757287843,0.526884042323,0.58950550637,0.603325415677,0.594903908443,0.366443532714,0.533146188728,0.604405096092,0.625350896135,0.594256100194,0.598142949687,0.592744547614,0.597927013604,0.618009069315,0.610883178579,0.593894736842,0.592528611531,0.608291945584,0.581947743468,0.615849708486,0.601597927014,0.578492766141,0.632260850788,0.606348520838,0.591880803282,0.462234378287,0.626430576549,0.590585186785,0.600086374433,0.600950118765,0.616929388901,0.607860073418,0.586698337292,0.593891159389,0.564240984669,0.583243359965,0.600302310516,0.403584538976,0.359965450227,0.598790757936,0.572361491468,0.576549341395,0.557331030015,0.605700712589,0.585186784712,0.494709565968,0.564456920751,0.604189160009,0.575037788815,0.604621032174,0.594643944005,0.586698337292,0.606996329087,0.616929388901,0.596420671627,0.569192751236,0.587346145541,0.608076009501,0.358453897646,0.604189160009,0.505380551751,0.617793133233,0.608507881667,0.444180522565,0.365579788383,0.580220254805,0.577413085727,0.609371625999,0.588857698121,0.513286713287,0.601597927014,0.578492766141,0.580436190887,0.610019434247,0.583243359965,0.595983588858,0.573094364068,0.642193910602,0.59317641978,0.612178795077,0.605700712589
Heterocephalus_glaber,0.578781748708,0.579960994637,0.610342019544,0.625522218002,0.568746952706,0.587518283764,0.578985860556,0.586587249062,0.57289127255,0.58288639688,0.561922365989,0.597025841053,0.592528611531,0.0,0.587030716724,0.571428571429,0.578498293515,0.580204778157,0.597683225663,0.558508044856,0.613448844884,0.560945880059,0.569234461243,0.575329107752,0.56319395228,0.564448580735,0.615987802222,0.587605377079,0.576563958917,0.584879406308,0.510721247563,0.582255907267,0.585393008239,0.559483178937,0.59361287177,0.573812881993,0.574110190151,0.56305548883,0.580831408776,0.584105314481,0.575816674793,0.611578947368,0.576400092187,0.57240370551,0.582341046956,0.577035592394,0.574827504164,0.57621671258,0.594344222331,0.568990736226,0.577307602883,0.606985062066,0.599951243296,0.571530758226,0.54132231405,0.580771897388,0.584105314481,0.57289127255,0.563118513155,0.607012260701,0.583769633508,0.590635451505,0.577523159434,0.590380313199,0.583521955636,0.568,0.602275121129,0.586663722676,0.566124727008,0.575085324232,0.569047619048,0.591047370708,0.583411654135,0.581667479278,0.595491003685,0.571428571429,0.612903225806,0.565018094089,0.551194539249,0.58288639688,0.606676050674,0.586490939044,0.559483178937,0.578010726475,0.576343602429,0.547050219405,0.612404617492,0.580936128718,0.585324232082,0.588533627343,0.592773221015,0.558995611897,0.57264957265,0.575085324232,0.555338859093,0.616383616384,0.580204778157,0.554514889529,0.556801560215,0.576548025353,0.563029162747,0.559726962457,0.587284005317,0.612627986348,0.573622623111,0.590199902487,0.570632420645
Otolemur_garnettii,0.6028320971,0.568258064516,0.622964169381,0.636916065325,0.568258064516,0.599559686888,0.577032258065,0.610633134789,0.57905439756,0.570322580645,0.582024029575,0.592516129032,0.608507881667,0.587030716724,0.0,0.590897969171,0.571612903226,0.571612903226,0.610603697928,0.572586588062,0.625206270627,0.566829770796,0.594192464603,0.572448979592,0.588707772266,0.592833876221,0.637987366587,0.604465709729,0.591970121382,0.605519480519,0.583576998051,0.594962104325,0.609886439546,0.570582174137,0.583741935484,0.593088857546,0.556129032258,0.58779726159,0.607852193995,0.581694402421,0.566709677419,0.619789473684,0.600599216409,0.575225806452,0.603235228039,0.577290322581,0.596478705686,0.604912764004,0.59535483871,0.588595203133,0.605905603348,0.620660635388,0.590451612903,0.589413447783,0.600145843461,0.603420383638,0.574451612903,0.57135483871,0.583635047067,0.621854162185,0.613438045375,0.614046822742,0.570580645161,0.604026845638,0.597329108194,0.58303030303,0.619127870234,0.597924486642,0.582625576316,0.582828282828,0.597857142857,0.606258148631,0.602678571429,0.574885379521,0.613050075873,0.570322580645,0.634002840333,0.588178528347,0.577568667345,0.578064516129,0.631811783632,0.604612850082,0.564629258517,0.577215189873,0.595682482573,0.574193548387,0.629622383095,0.578064516129,0.580129032258,0.599117971334,0.601640434493,0.558335397572,0.596266306793,0.567741935484,0.578201368524,0.63016983017,0.584369449378,0.579250720461,0.570855279659,0.580387096774,0.584901222954,0.577058232932,0.610766504209,0.606709677419,0.577389984825,0.578064516129,0.585655439787
Nannospalax_galili,0.587547763542,0.597259603621,0.615838762215,0.639194834789,0.58062148275,0.587328767123,0.590653290922,0.605118023384,0.578908735013,0.600929777343,0.586182994455,0.603376559824,0.604405096092,0.571428571429,0.590897969171,0.0,0.599706386102,0.581355517494,0.606816662954,0.571813065818,0.629125412541,0.575972596036,0.593712503,0.582334230487,0.591070163005,0.585388552815,0.63319538227,0.604921394395,0.588468720822,0.598330241187,0.571881091618,0.596968345965,0.594967713204,0.592855395155,0.605089307561,0.588387400094,0.581844873991,0.580831131396,0.581524249423,0.600685099095,0.594078786396,0.612,0.58262272413,0.593834108148,0.59559649517,0.586493760705,0.575541280038,0.604683195592,0.605333985809,0.578419378517,0.59962799349,0.621922996003,0.606802055297,0.573676680973,0.577540106952,0.584238502427,0.5935894299,0.586493760705,0.578807627323,0.612389761239,0.598603839442,0.610925306577,0.592121360411,0.600894854586,0.590538705297,0.579878787879,0.616810617232,0.599690880989,0.582140257219,0.587472473697,0.58380952381,0.606475445458,0.58787593985,0.5935894299,0.608714502493,0.585025691216,0.617163724893,0.57876960193,0.572302422315,0.596036212381,0.625779207722,0.600082372323,0.571323709322,0.586493760705,0.589835844389,0.575727917788,0.628057131677,0.593834108148,0.585270369464,0.603307607497,0.59676346708,0.569121605089,0.595141700405,0.587227795449,0.562072336266,0.622577422577,0.589429899682,0.570845341018,0.576217274284,0.591632003915,0.583254938852,0.582823586983,0.605228178999,0.622461463176,0.576951309029,0.607046733545,0.578386236976
Balaenoptera_acutorostrata,0.594515621488,0.575789473684,0.623982084691,0.636536270414,0.539311070208,0.607387475538,0.557225738397,0.603794396647,0.591509913574,0.458860759494,0.58803142329,0.593939393939,0.607860073418,0.578498293515,0.571612903226,0.599706386102,0.0,0.560208062419,0.61283136556,0.54925079833,0.630981848185,0.552665464847,0.588672906168,0.548214285714,0.576187101347,0.585388552815,0.634502287083,0.604921394395,0.577497665733,0.616419294991,0.586257309942,0.601203744984,0.600534402138,0.56980937661,0.572257383966,0.590267983075,0.556102617258,0.576747537833,0.611547344111,0.599596570852,0.561445147679,0.633263157895,0.609587462549,0.558016877637,0.614019321501,0.573402868318,0.612181774923,0.601239669421,0.603639240506,0.594958394518,0.600325505696,0.62108142226,0.560917721519,0.597758702909,0.600388915897,0.600415992605,0.57858649789,0.561266874351,0.577118030413,0.634545063455,0.602748691099,0.604236343367,0.5552672548,0.607829977629,0.599366229063,0.589575757576,0.610280176954,0.590196511371,0.576316428051,0.57702020202,0.585952380952,0.607127335941,0.596804511278,0.470198675497,0.594190331671,0.556714471969,0.631365388517,0.576839565742,0.578331637843,0.583069620253,0.618741202493,0.593080724876,0.547344689379,0.553670886076,0.596132223971,0.564533053515,0.630209352377,0.561467889908,0.553797468354,0.607276736494,0.605187319885,0.573693336636,0.586144849303,0.575342465753,0.5857771261,0.626973026973,0.496828216189,0.569404418828,0.560070228242,0.560654008439,0.581373471308,0.571536144578,0.60079751883,0.572257383966,0.566262013151,0.455432489451,0.598740004846
Ailuropoda_melanoleuca,0.591368846932,0.564629388817,0.61848534202,0.633118116217,0.550845253576,0.595645792564,0.564369310793,0.606221045665,0.581342145399,0.569830949285,0.585027726433,0.585955786736,0.60872381775,0.580204778157,0.571612903226,0.581355517494,0.560208062419,0.0,0.610826464691,0.561532792926,0.625825082508,0.513262941025,0.588432925366,0.557142857143,0.581856839121,0.561656584458,0.632541929863,0.607427660059,0.578431372549,0.60180890538,0.579678362573,0.599866250557,0.603874415498,0.559247810407,0.553966189857,0.581570286789,0.487950246178,0.570742253183,0.604849884527,0.581442259203,0.560468140442,0.630105263158,0.600829684259,0.557607282185,0.60211188497,0.560468140442,0.597906257435,0.599632690542,0.586215864759,0.586147821831,0.586375261567,0.62549968441,0.567750325098,0.584167858846,0.585318424891,0.605038132655,0.562288686606,0.445742471443,0.54622254405,0.624435362444,0.602530541012,0.599108138239,0.497405293202,0.600223713647,0.595971027614,0.584242424242,0.580787866021,0.591079708545,0.581654938122,0.568686868687,0.555,0.605171664494,0.597039473684,0.56851757514,0.605246043789,0.550325097529,0.63258267397,0.572014475271,0.57019328586,0.581794538362,0.629599839131,0.601935749588,0.548096192385,0.557215189873,0.595457611873,0.565409622887,0.626491880258,0.547984395319,0.554746423927,0.606835722161,0.602748836178,0.564032697548,0.59379217274,0.563970018093,0.576735092864,0.623576423576,0.565338746511,0.556676272815,0.544519688989,0.562288686606,0.58231420508,0.563253012048,0.594373061586,0.592977893368,0.560445118867,0.56488946684,0.597043857524
Colobus_angolensis,0.45266206282,0.614613499666,0.603013029316,0.54310672237,0.609267097349,0.621296502562,0.614167966139,0.548422678138,0.627533971931,0.605925595901,0.572287814658,0.636444642459,0.466853811272,0.597683225663,0.610603697928,0.606816662954,0.61283136556,0.610826464691,0.0,0.595901091557,0.548886138614,0.60302962798,0.599688126532,0.607707730007,0.593450657162,0.585208286924,0.610324548029,0.503898418356,0.597905992426,0.597237692136,0.592336823346,0.445979059924,0.543308839902,0.601470260637,0.623301403431,0.594564490978,0.59612385832,0.592114056583,0.607707730007,0.619514368456,0.611717531744,0.611368421053,0.599242593005,0.610826464691,0.593673423925,0.609044330586,0.602584094453,0.583426152818,0.642682111829,0.610380931165,0.593896190688,0.467915001052,0.633548674538,0.605034528848,0.602138560927,0.602138560927,0.617955001114,0.607484963243,0.591445756293,0.608733060873,0.58835078534,0.590777456004,0.608821563823,0.408331476944,0.450434395188,0.601247493874,0.596376658942,0.580260543166,0.568500779684,0.609712630875,0.591668523056,0.508474576271,0.573178881711,0.605925595901,0.591155430306,0.611049231455,0.609657131264,0.591000222767,0.609267097349,0.620182668746,0.608284737583,0.583196046129,0.588772555135,0.605925595901,0.446647360214,0.611717531744,0.539229113676,0.615950100245,0.609935397639,0.415876515987,0.450454444691,0.582980619292,0.576743149922,0.619291601693,0.599688126532,0.534265734266,0.5974604589,0.590331922477,0.599688126532,0.617732234351,0.583871686344,0.599019826242,0.583739477182,0.650701715304,0.60236132769,0.615727333482,0.61349966585
Capra_hircus,0.57720836143,0.576762466225,0.608509771987,0.622483858716,0.553672316384,0.582925636008,0.570867108818,0.584822413413,0.567673790224,0.553917956276,0.56146025878,0.599115696389,0.593392355863,0.558508044856,0.572586588062,0.571813065818,0.54925079833,0.561532792926,0.595901091557,0.0,0.612830033003,0.550970277573,0.560595152388,0.544338000491,0.479565320104,0.56281991624,0.618165976911,0.584871269082,0.475957049486,0.580009276438,0.562378167641,0.585153811859,0.577376976175,0.553917956276,0.581429624171,0.572402444758,0.552198477033,0.462166706702,0.580369515012,0.579218865144,0.569147629575,0.608421052632,0.576169624337,0.575042986981,0.588407099528,0.567919430115,0.575541280038,0.577364554637,0.598870056497,0.565100342633,0.57009997675,0.606353881759,0.569884549251,0.565092989986,0.561254253768,0.579385255373,0.57872758536,0.56079587325,0.546463915037,0.605076360508,0.574389179756,0.583723522854,0.561041513142,0.587024608501,0.577863286555,0.561696969697,0.598483252581,0.57341576507,0.564183450619,0.563743551953,0.56380952381,0.587136027814,0.577067669173,0.546057479735,0.495122479948,0.559076394006,0.609251369446,0.558986731001,0.561041513142,0.577990665684,0.488839734567,0.389003294893,0.529353967084,0.549496438222,0.574994378233,0.56595431098,0.612013304637,0.578973225252,0.568901989683,0.582138919515,0.584349368211,0.549005158438,0.492352676563,0.568410709899,0.55449657869,0.608991008991,0.557111274871,0.5441882805,0.54802259887,0.57356914763,0.462841015992,0.556619995087,0.581745680106,0.579464505036,0.557848194547,0.552689756817,0.57450932881
Pongo_abelii,0.53795379538,0.637582508251,0.590594462541,0.506646410938,0.62004950495,0.635932343234,0.631188118812,0.571988448845,0.641707920792,0.625206270627,0.592409240924,0.656353135314,0.533209570957,0.613448844884,0.625206270627,0.629125412541,0.630981848185,0.625825082508,0.548886138614,0.612830033003,0.0,0.619430693069,0.619430693069,0.632632013201,0.615924092409,0.600041254125,0.619636963696,0.521658415842,0.616749174917,0.619430693069,0.614273927393,0.530528052805,0.573432343234,0.622318481848,0.635107260726,0.619636963696,0.622524752475,0.618811881188,0.626856435644,0.641501650165,0.627268976898,0.61097359736,0.608704620462,0.624174917492,0.603341584158,0.631600660066,0.62850660066,0.602310231023,0.65449669967,0.622937293729,0.610561056106,0.537334983498,0.651402640264,0.611592409241,0.624587458746,0.622318481848,0.635313531353,0.632425742574,0.612417491749,0.619636963696,0.593646864686,0.601072607261,0.625206270627,0.543110561056,0.537334983498,0.618605610561,0.597359735974,0.593234323432,0.590346534653,0.63201320132,0.608910891089,0.489067656766,0.596122112211,0.626237623762,0.602929042904,0.628919141914,0.604382227632,0.615305280528,0.626856435644,0.646452145215,0.594610898854,0.576194398682,0.608292079208,0.626856435644,0.538572607261,0.628094059406,0.487184504011,0.626237623762,0.634488448845,0.531971947195,0.535478547855,0.603135313531,0.597978547855,0.632632013201,0.613242574257,0.490709290709,0.62850660066,0.604166666667,0.614892739274,0.630775577558,0.612830033003,0.622524752475,0.601072607261,0.664603960396,0.622112211221,0.633663366337,0.628712871287
Mustela_putorius,0.578556979096,0.563739376771,0.614006514658,0.626091910368,0.542106618594,0.594911937378,0.55755858872,0.596293845136,0.573716319268,0.553438063353,0.568622920518,0.58125160958,0.596415461024,0.560945880059,0.566829770796,0.575972596036,0.552665464847,0.513262941025,0.60302962798,0.550970277573,0.619430693069,0.0,0.579793616511,0.545918367347,0.572407276163,0.553047929269,0.615769984753,0.595352016405,0.575630252101,0.586966604824,0.566520467836,0.584930896121,0.587174348697,0.546999742467,0.555755858872,0.586741889986,0.504249291785,0.568820562095,0.594226327945,0.568582955119,0.548029873809,0.619578947368,0.586540677575,0.548802472315,0.588631768142,0.555755858872,0.585772067571,0.585399449036,0.587174864795,0.569750367107,0.582655196466,0.607616242373,0.569662631986,0.58226037196,0.573407875547,0.591865033511,0.559618851404,0.521503991759,0.53849867246,0.618412561841,0.585732984293,0.587959866221,0.511202678341,0.593736017897,0.585559076505,0.564121212121,0.577627975564,0.583572532568,0.570735258432,0.560353535354,0.553333333333,0.593220338983,0.589990601504,0.559093224656,0.597008454368,0.541076487252,0.621829985798,0.566948130277,0.558494404883,0.573783157353,0.621154232857,0.589373970346,0.542585170341,0.54835443038,0.587812008095,0.560648982745,0.613578556056,0.552922997682,0.552150399176,0.596471885336,0.588117933939,0.561803319297,0.582995951417,0.553953129024,0.566226783969,0.621378621379,0.556204009135,0.54707012488,0.541259092049,0.564511975277,0.570319849483,0.563504016064,0.577315019938,0.584342003605,0.549317147193,0.559103785733,0.573782408529
Myotis_davidii,0.592492694988,0.597312215023,0.618281758958,0.631978731485,0.575233981281,0.610031197504,0.588912886969,0.606662254578,0.600431965443,0.585793136549,0.575092421442,0.617710583153,0.597495141438,0.569234461243,0.594192464603,0.593712503,0.588672906168,0.588432925366,0.599688126532,0.560595152388,0.619430693069,0.579793616511,0.0,0.588912886969,0.574060949681,0.571893904141,0.609235460684,0.594440647072,0.583333333333,0.587662337662,0.57187425006,0.589612126616,0.59697172122,0.581953443725,0.602831773458,0.584861307005,0.578593712503,0.576433885289,0.595612009238,0.600191984641,0.574514038877,0.621052631579,0.587462548974,0.536357091433,0.607728600315,0.586033117351,0.593385676897,0.590909090909,0.617950563955,0.588912886969,0.472448267845,0.619187881338,0.606431485481,0.581068192656,0.588432925366,0.592327247516,0.597552195824,0.588672906168,0.565394768419,0.623574962357,0.589659685864,0.473801560758,0.583393328534,0.595302013423,0.584880036215,0.585553155748,0.598272593217,0.589534113491,0.579073674106,0.589872810175,0.57380952381,0.59865275967,0.585761278195,0.587233021358,0.600476913072,0.579793616511,0.624467437614,0.565154787617,0.587952963763,0.60163186945,0.615523828675,0.591433278418,0.564194864411,0.5781137509,0.584888689004,0.591312694984,0.618274310311,0.587712982961,0.582433405328,0.599117971334,0.597871868765,0.573554115671,0.588169140801,0.593952483801,0.575713942885,0.624375624376,0.589152867771,0.562754979602,0.561795056395,0.599232061435,0.579727187206,0.574514038877,0.595037660611,0.623950083993,0.577633789297,0.597312215023,0.586513078954
