,Chlorocebus_sabaeus,Trichechus_manatus,Galeopterus_variegatus,Homo_sapiens,Rousettus_aegyptiacus,Monodelphis_domestica,Condylura_cristata,Aotus_nancymaae,Microtus_ochrogaster,Lipotes_vexillifer,Microcebus_murinus,Sarcophilus_harrisii,Papio_anubis,Heterocephalus_glaber,Otolemur_garnettii,Nannospalax_galili,Balaenoptera_acutorostrata,Ailuropoda_melanoleuca,Colobus_angolensis,Capra_hircus,Pongo_abelii,Mustela_putorius,Myotis_davidii,Camelus_ferus,Bos_mutus,Panthera_pardus,Ornithorhynchus_anatinus,Nomascus_leucogenys,Bison_bison,Elephantulus_edwardii,Fukomys_damarensis,Macaca_nemestrina,Cebus_capucinus,Sorex_araneus,Acinonyx_jubatus,Tupaia_chinensis,Odobenus_rosmarus,Bos_indicus,Mus_caroli,Chrysochloris_asiatica,Miniopterus_natalensis,Rattus_norvegicus,Peromyscus_maniculatus,Eptesicus_fuscus,Castor_canadensis,Echinops_telfairi,Mus_pahari,Carlito_syrichta,Phascolarctos_cinereus,Dipodomys_ordii,Myotis_lucifugus,Rhinopithecus_bieti,Camelus_bactrianus,Marmota_marmota,Octodon_degus,Meriones_unguiculatus,Loxodonta_africana,Ursus_maritimus,Canis_lupus,Cricetulus_griseus,Dasypus_novemcinctus,Myotis_brandtii,Neomonachus_schauinslandi,Mandrillus_leucophaeus,Macaca_fascicularis,Erinaceus_europaeus,Leptonychotes_weddellii,Manis_javanica,Saimiri_boliviensis,Ochotona_princeps,Felis_catus,Pan_paniscus,Callithrix_jacchus,Physeter_catodon,Bubalus_bubalis,Equus_caballus,Mus_musculus,Hipposideros_armiger,Cavia_porcellus,Jaculus_jaculus,Pantholops_hodgsonii,Ovis_aries,Sus_scrofa,Vicugna_pacos,Cercocebus_atys,Chinchilla_lanigera,Pan_troglodytes,Panthera_tigris,Pteropus_alecto,Rhinopithecus_roxellana,Macaca_mulatta,Propithecus_coquereli,Odocoileus_virginianus,Orycteropus_afer,Ictidomys_tridecemlineatus,Gorilla_gorilla,Tursiops_truncatus,Equus_asinus,Ceratotherium_simum,Oryctolagus_cuniculus,Bos_taurus,Rhinolophus_sinicus,Equus_przewalskii,Camelus_dromedarius,Pteropus_vampyrus,Orcinus_orca,Mesocricetus_auratus
Chlorocebus_sabaeus,0.0,0.621021663546,0.596778130339,0.529933985887,0.596951056432,0.632254613533,0.612730676652,0.533565124365,0.606311848088,0.605776945707,0.55924043862,0.657395025408,0.401691331924,0.595078898101,0.599090665953,0.597218507622,0.608184006419,0.607916555229,0.471248997058,0.581171436213,0.547607879925,0.580903985023,0.612730676652,0.599893019524,0.594811446911,0.556565926718,0.657521924893,0.515913345814,0.587322813587,0.611393420701,0.598288312383,0.392618347152,0.506285102969,0.618614602835,0.62717304092,0.604707140947,0.590264776678,0.595613800481,0.591334581439,0.609253811179,0.622358919497,0.581856100104,0.582776143354,0.621824017117,0.574485156459,0.624231077828,0.596416154052,0.57635731479,0.646429526611,0.602834982616,0.595613800481,0.488514173998,0.630649906392,0.585718106446,0.598555763573,0.573950254079,0.613533030222,0.613800481412,0.568868681466,0.596066967845,0.584275436793,0.594543995721,0.594276544531,0.451190157796,0.395827761434,0.597485958813,0.588724343985,0.586477987421,0.537576892217,0.611393420701,0.566996523135,0.488569909623,0.55870553624,0.608451457609,0.569690558053,0.611660871891,0.58243412798,0.59400909334,0.598823214763,0.623696175448,0.580636533833,0.563369397218,0.57689221717,0.597753410003,0.397165017384,0.612998127842,0.517217471689,0.630115004012,0.606579299278,0.44591728526,0.404653650709,0.568601230275,0.569403583846,0.61059106713,0.59347419096,0.520048019208,0.606311848088,0.579834180262,0.581706338593,0.602567531426,0.584113399305,0.582508692164,0.577570093458,0.641882856379,0.587590264777,0.611660871891,0.602834982616
Trichechus_manatus,0.621021663546,0.0,0.650964120088,0.659685863874,0.541554054054,0.616228070175,0.53487544484,0.615172413793,0.572175048988,0.534787123572,0.583114227286,0.608316566063,0.627378435518,0.58418043202,0.54490209318,0.592238989837,0.563342318059,0.570771756979,0.615512465374,0.54467950742,0.664868667917,0.557723577236,0.612716763006,0.572856221792,0.564,0.59303652968,0.714414211828,0.627811300055,0.591824817518,0.572641795572,0.591658885777,0.606368377711,0.614412476472,0.551903114187,0.57275862069,0.611078199052,0.527090301003,0.568847352025,0.607328332372,0.541625857003,0.547501759324,0.635557872784,0.600232085872,0.538041624019,0.600737797957,0.546296296296,0.602985074627,0.612256586483,0.598259122866,0.610055180871,0.614095898325,0.653470185728,0.555277280859,0.589799072643,0.573282684394,0.616350446429,0.493228795438,0.583803518088,0.583333333333,0.65267074143,0.634121274409,0.627369007804,0.547721982042,0.621399176955,0.604651162791,0.575243480993,0.618602234347,0.630241090147,0.594730609828,0.556945358789,0.597677793904,0.625996810207,0.61624891962,0.578690127077,0.612536366041,0.564137461722,0.64617314931,0.578434358818,0.5705400982,0.547044421126,0.613525258012,0.608964451314,0.565077319588,0.575238095238,0.60457334077,0.57609772202,0.658654957245,0.580448065173,0.542033063665,0.622216330859,0.622591006424,0.55991005461,0.593128904032,0.503579952267,0.564226075787,0.655702280912,0.601684341859,0.572803477181,0.551240208877,0.577497510787,0.581796549673,0.564902331443,0.629639519359,0.563148479428,0.573643410853,0.527728085868,0.598071708346
Galeopterus_variegatus,0.596778130339,0.650964120088,0.0,0.588208513544,0.622894801074,0.650475958018,0.633390285575,0.607029533805,0.635587014889,0.634610690749,0.59482548206,0.669270197706,0.592628752746,0.628752745912,0.626067854528,0.623627044179,0.63314620454,0.628264583842,0.608982182084,0.610690749329,0.599671669794,0.612643397608,0.622650720039,0.625823773493,0.62069807176,0.59384915792,0.646728131324,0.611422992433,0.610934830364,0.627532340737,0.628996826947,0.585062240664,0.592872833781,0.652428606297,0.651208201123,0.619477666585,0.622894801074,0.62069807176,0.616060532097,0.636075176959,0.640956797657,0.601659751037,0.613131559678,0.638760068343,0.603612399317,0.653893092507,0.629240907981,0.606541371735,0.665853063217,0.63265804247,0.614596045887,0.583841835489,0.64657066146,0.611422992433,0.635831095924,0.602636075177,0.645350256285,0.631193556261,0.604832804491,0.603856480351,0.593605076886,0.616060532097,0.629729070051,0.602880156212,0.59433731999,0.627532340737,0.604100561386,0.584574078594,0.613863802783,0.63314620454,0.602636075177,0.592384671711,0.621674395899,0.618989504515,0.594093238955,0.637539663168,0.593360995851,0.606541371735,0.638515987308,0.652428606297,0.598242616549,0.56846473029,0.614840126922,0.618745423481,0.597510373444,0.641200878692,0.590247284493,0.639492311447,0.627532340737,0.590187942397,0.590676104467,0.610202587259,0.598974859653,0.629973151086,0.613619721748,0.590396158463,0.63363436661,0.613131559678,0.608982182084,0.629729070051,0.613375640713,0.617769099341,0.607029533805,0.657798389065,0.612155235538,0.638027825238,0.62069807176
Homo_sapiens,0.529933985887,0.659685863874,0.588208513544,0.0,0.641247439108,0.6637832916,0.64944229456,0.568176644662,0.651263373549,0.639653994992,0.598907352606,0.680400637378,0.52082859094,0.635328932392,0.638515820624,0.633507853403,0.652401547917,0.649214659686,0.531072160255,0.611882540405,0.491918961985,0.630548600046,0.643751422718,0.643068518097,0.62463009333,0.598224447985,0.62401619069,0.499203277942,0.619849760983,0.641702708855,0.640109264739,0.528568176645,0.551104029137,0.654905531527,0.664466196221,0.64079216936,0.619394491236,0.628727521056,0.624857728204,0.64762121557,0.659685863874,0.609150921921,0.621670839973,0.652856817664,0.612337810153,0.658092419759,0.631003869793,0.613703619394,0.673571591168,0.64079216936,0.62895515593,0.52082859094,0.675165035283,0.628727521056,0.640336899613,0.614614158889,0.65445026178,0.650352834054,0.612337810153,0.633280218529,0.602094240838,0.62212610972,0.633507853403,0.522422035056,0.529478716139,0.632142044161,0.601411336217,0.60163897109,0.592533576144,0.64511723196,0.605508763943,0.42636011837,0.590940132028,0.646710676076,0.601183701343,0.64944229456,0.591395401776,0.628044616435,0.638515820624,0.657181880264,0.613703619394,0.579558388345,0.623264284088,0.643979057592,0.524470748919,0.649897564307,0.381288413385,0.664693831095,0.648987024812,0.533803778739,0.526974732529,0.610516731163,0.605053494195,0.640336899613,0.635101297519,0.422262690644,0.63578420214,0.627816981562,0.628727521056,0.644434327339,0.618939221489,0.625995902572,0.620532665604,0.67994536763,0.624402458457,0.646938310949,0.644434327339
Rousettus_aegyptiacus,0.596951056432,0.541554054054,0.622894801074,0.641247439108,0.0,0.584899749373,0.535472972973,0.603862068966,0.553233180927,0.522297297297,0.552731522057,0.586854460094,0.598572938689,0.553049555273,0.519581363943,0.567292885741,0.535714285714,0.532676518883,0.595844875346,0.522260814651,0.641416510319,0.520975609756,0.567386674779,0.543197936815,0.551692307692,0.550799086758,0.694625590286,0.607789358201,0.56204379562,0.585077343039,0.559601618425,0.58083996706,0.590481312181,0.55777027027,0.553378378378,0.581457345972,0.5127090301,0.534890965732,0.587420657819,0.555664381325,0.530067567568,0.617831074035,0.574702639977,0.528716216216,0.580306469921,0.548986486486,0.585074626866,0.594788087056,0.578506863073,0.569895769467,0.578278451762,0.631964809384,0.547297297297,0.547758887172,0.556821779044,0.589564732143,0.54527027027,0.547626949884,0.550059952038,0.626627690672,0.61408016444,0.595875139353,0.511473229132,0.59890260631,0.576632109835,0.55670750864,0.615744349182,0.605870020964,0.574304322084,0.548716260698,0.559071117562,0.595427963849,0.586862575627,0.548387096774,0.59164242264,0.534797297297,0.61982434128,0.542491623515,0.54271685761,0.552364864865,0.6010320478,0.583462132921,0.521585051546,0.53873015873,0.577802565533,0.550346649059,0.62907326092,0.546283783784,0.42027027027,0.602332979852,0.593415417559,0.534853838741,0.561044860875,0.5375,0.541425818882,0.629771908764,0.565190268247,0.539273517541,0.509138381201,0.556256223034,0.551754907793,0.515122873346,0.603738317757,0.562162162162,0.463565891473,0.522972972973,0.578788791805
Monodelphis_domestica,0.632254613533,0.616228070175,0.650475958018,0.6637832916,0.584899749373,0.0,0.607456140351,0.628689655172,0.590852130326,0.602756892231,0.591294186386,0.563909774436,0.629492600423,0.589285714286,0.597431077694,0.595626732368,0.608082706767,0.603696741855,0.627700831025,0.578947368421,0.667917448405,0.586779448622,0.609674475205,0.593671679198,0.594461538462,0.603310502283,0.693501236789,0.643719144268,0.601167883212,0.596602972399,0.596327419857,0.614328849849,0.621134713633,0.618421052632,0.617481203008,0.611078199052,0.599310776942,0.582242990654,0.610790536642,0.598997493734,0.605263157895,0.638686131387,0.603423266609,0.607456140351,0.612656072645,0.607769423559,0.608358208955,0.617697594502,0.550125313283,0.602697731453,0.616695551704,0.652981427175,0.625313283208,0.579907264297,0.601817042607,0.616071428571,0.600877192982,0.605263157895,0.597122302158,0.644964124369,0.634121274409,0.623745819398,0.594611528822,0.63182441701,0.610254973382,0.578947368421,0.639646661471,0.627620545073,0.612788632327,0.609649122807,0.598838896952,0.633705475811,0.615384615385,0.604323308271,0.626024861148,0.605263157895,0.63513174404,0.588790740177,0.593671679198,0.612155388471,0.624117327539,0.620556414219,0.574248120301,0.591165413534,0.614891243726,0.606516290727,0.657037208227,0.62030075188,0.604323308271,0.635737009544,0.629282655246,0.584899749373,0.602782509938,0.604949874687,0.595238095238,0.659303721489,0.596693699314,0.584290592984,0.586152882206,0.607142857143,0.588637715645,0.581453634085,0.628304405874,0.634085213033,0.577984496124,0.609022556391,0.603796324194
Condylura_cristata,0.612730676652,0.53487544484,0.633390285575,0.64944229456,0.535472972973,0.607456140351,0.0,0.605793103448,0.564990202482,0.539633091035,0.573181419807,0.607310529846,0.617864693446,0.5708386277,0.546252532073,0.580535879273,0.547506738544,0.539244663383,0.607756232687,0.551626144616,0.652673545966,0.537235772358,0.595375722543,0.549000644745,0.575076923077,0.571347031963,0.699797616371,0.613823368075,0.589197080292,0.596602972399,0.572051042639,0.597035410376,0.60930357623,0.53598615917,0.548965517241,0.594786729858,0.520066889632,0.571651090343,0.598095787651,0.570355860268,0.538353272343,0.631126173097,0.599071656513,0.543159331286,0.597900113507,0.563100137174,0.594626865672,0.599083619702,0.598259122866,0.581545064378,0.599364529174,0.646627565982,0.537366548043,0.568160741886,0.580563469452,0.604910714286,0.533451957295,0.557251908397,0.571642685851,0.64230667021,0.62076053443,0.610367892977,0.528766212172,0.615912208505,0.59260297002,0.556393339617,0.620680696285,0.620545073375,0.581705150977,0.565832784727,0.57648766328,0.616959064327,0.607317775857,0.563049853372,0.610685003967,0.53657706703,0.640150564617,0.580261955528,0.562684124386,0.56068555439,0.615969581749,0.60561566203,0.548969072165,0.555555555556,0.596765197992,0.563882469462,0.647330714121,0.552953156823,0.518114667605,0.615058324496,0.609475374732,0.552200449727,0.586314593981,0.544493692465,0.554592164419,0.640336134454,0.58796007486,0.545793231916,0.521540469974,0.562562230335,0.580309339679,0.554190296156,0.610680907877,0.551957295374,0.554418604651,0.52206405694,0.59294968364
Aotus_nancymaae,0.533565124365,0.615172413793,0.607029533805,0.568176644662,0.603862068966,0.628689655172,0.605793103448,0.0,0.599172413793,0.606068965517,0.552551724138,0.646896551724,0.528805496829,0.595034482759,0.592551724138,0.596689655172,0.614344827586,0.604137931034,0.548965517241,0.572137931034,0.58935272045,0.587034482759,0.609103448276,0.596689655172,0.591172413793,0.56,0.682257701821,0.544432254526,0.583724137931,0.606620689655,0.596965517241,0.514411199561,0.466254369454,0.624551724138,0.628137931034,0.592827586207,0.589517241379,0.587586206897,0.585103448276,0.607448275862,0.611310344828,0.597497393118,0.586206896552,0.62124137931,0.579862068966,0.629517241379,0.6,0.582068965517,0.635034482759,0.598068965517,0.598896551724,0.571114369501,0.623172413793,0.582896551724,0.595862068966,0.579034482759,0.609655172414,0.611586206897,0.575172413793,0.608291256976,0.594295991778,0.591724137931,0.587862068966,0.546502057613,0.519448275862,0.593931034483,0.590802805924,0.597222222222,0.491310344828,0.616275862069,0.576,0.537745879851,0.49875862069,0.60524137931,0.574980163978,0.616827586207,0.599498117942,0.587310344828,0.6,0.622896551724,0.591254752852,0.574961360124,0.584275862069,0.598068965517,0.511172413793,0.609655172414,0.57453200832,0.625931034483,0.607172413793,0.540562036055,0.525428265525,0.564689655172,0.56524137931,0.604413793103,0.588137931034,0.562785114046,0.607172413793,0.57875862069,0.577103448276,0.605517241379,0.575172413793,0.585379310345,0.585847797063,0.629517241379,0.584275862069,0.604413793103,0.597517241379
Microtus_ochrogaster,0.606311848088,0.572175048988,0.635587014889,0.651263373549,0.553233180927,0.590852130326,0.564990202482,0.599172413793,0.0,0.568582625735,0.567922874671,0.594056172436,0.614957716702,0.547966963151,0.552253429131,0.533415460425,0.558458523841,0.561724363161,0.616343490305,0.541206188822,0.651031894934,0.546016260163,0.588074231822,0.556092843327,0.568615384615,0.582762557078,0.694850460985,0.621777290181,0.583941605839,0.578101304216,0.562402738873,0.593466922866,0.601236891638,0.574461136512,0.584585238406,0.587973933649,0.542782495101,0.564174454829,0.523369878823,0.56578517793,0.565969954278,0.566736183525,0.501015375689,0.574461136512,0.583995459705,0.569562377531,0.525373134328,0.593642611684,0.589483997387,0.572041692213,0.598497978047,0.637096774194,0.581319399086,0.557650695518,0.547958214625,0.543247767857,0.570542129327,0.565969954278,0.568045563549,0.570289662503,0.619989722508,0.61231884058,0.550620509471,0.60658436214,0.587279349958,0.561105874961,0.628734736295,0.622379454927,0.585553582001,0.558131939909,0.581712626996,0.612174375332,0.597522327859,0.572825024438,0.613594287226,0.571521881123,0.57365119197,0.571428571429,0.534617896799,0.545395166558,0.604562737643,0.599948480165,0.545425257732,0.553015873016,0.596207473508,0.537557152188,0.646175179108,0.580992815153,0.561724363161,0.612672322375,0.600642398287,0.537744940572,0.584611016468,0.567929457871,0.540141297367,0.639615846339,0.586712414223,0.563800062093,0.535574412533,0.565643370346,0.572873289709,0.551984877127,0.62002670227,0.588830829523,0.561550387597,0.565316786414,0.504067490208
Lipotes_vexillifer,0.605776945707,0.534787123572,0.634610690749,0.639653994992,0.522297297297,0.602756892231,0.539633091035,0.606068965517,0.568582625735,0.0,0.572597137014,0.600268276325,0.611522198732,0.559720457433,0.537137069548,0.58269171543,0.4474393531,0.542857142857,0.603047091413,0.521629302179,0.650797373358,0.531707317073,0.594463036203,0.540941328175,0.533230769231,0.574200913242,0.694625590286,0.607515085025,0.561459854015,0.57779799818,0.572051042639,0.596211913258,0.612799139554,0.540484429066,0.557586206897,0.599526066351,0.496989966555,0.535514018692,0.598961338719,0.559255631734,0.541017653167,0.628258602711,0.601392515231,0.531900375299,0.593927355278,0.548696844993,0.590746268657,0.593356242841,0.593237361902,0.585223789086,0.59445407279,0.63660801564,0.539979231568,0.565378670788,0.557138334916,0.599888392857,0.5413637937,0.555924327912,0.564148681055,0.638586234387,0.624100719424,0.607302118172,0.519122048553,0.603017832647,0.590361445783,0.560477536915,0.603273577553,0.613993710692,0.58910597987,0.541803818302,0.579100145138,0.611642743222,0.607029674445,0.466275659824,0.57762496694,0.545423613474,0.634880803011,0.57173317088,0.56170212766,0.547940463828,0.578489951114,0.575991756826,0.525451030928,0.538095238095,0.589793641941,0.559920765929,0.639473076034,0.562118126273,0.520249221184,0.60737009544,0.606798715203,0.533568904594,0.559625212947,0.526764405046,0.553628773282,0.642016806723,0.489082969432,0.556969885129,0.52317232376,0.55526053767,0.54759071981,0.542218021424,0.619492656876,0.538940809969,0.556899224806,0.365870543441,0.589334136788
Microcebus_murinus,0.55924043862,0.583114227286,0.59482548206,0.598907352606,0.552731522057,0.591294186386,0.573181419807,0.552551724138,0.567922874671,0.572597137014,0.0,0.62050832603,0.550475687104,0.549225825299,0.549810108092,0.55331580485,0.576102833772,0.564125036518,0.559833795014,0.530820917324,0.610459662289,0.543675138767,0.574057843996,0.558282208589,0.552731522057,0.53053652968,0.668540589161,0.57213384531,0.531386861314,0.564709319311,0.556237218814,0.539665111172,0.546114546921,0.593339176161,0.595384165936,0.551562956471,0.551855097867,0.546888694128,0.547893825736,0.576102833772,0.575518550979,0.583941605839,0.541630403249,0.574057843996,0.551078320091,0.597137014315,0.5655857435,0.548682703322,0.614373356705,0.566170026293,0.558636626228,0.594574780059,0.591294186386,0.550978673678,0.557990067193,0.554408482143,0.580484954718,0.576102833772,0.531405200117,0.593675259102,0.58170606372,0.570512820513,0.55331580485,0.56598079561,0.529560100869,0.5574057844,0.586386074305,0.585429769392,0.532865907099,0.575518550979,0.531494920174,0.562732589048,0.547968885048,0.5737657026,0.570748479238,0.572012854221,0.589209535759,0.546888694128,0.562372188139,0.576102833772,0.57876154264,0.559763008758,0.538708735028,0.549225825299,0.534578918015,0.565877884896,0.59001617749,0.586619924043,0.570260005843,0.563626723224,0.54817987152,0.48115687993,0.536059057354,0.579900671925,0.546304411335,0.589915966387,0.562080046743,0.54016944201,0.543675138767,0.567630733275,0.527315220567,0.546596552732,0.577837116155,0.606777680397,0.544551562956,0.575226409582,0.55243938066
Sarcophilus_harrisii,0.657395025408,0.608316566063,0.669270197706,0.680400637378,0.586854460094,0.563909774436,0.607310529846,0.646896551724,0.594056172436,0.600268276325,0.62050832603,0.0,0.658033826638,0.612452350699,0.59188464118,0.61533723437,0.597250167673,0.605911330049,0.64459833795,0.598989580044,0.688555347092,0.60325203252,0.625798600548,0.598968407479,0.610461538462,0.626997716895,0.697099167978,0.660998354361,0.622189781022,0.617227782833,0.614067849362,0.642053252814,0.648023662275,0.600938967136,0.608316566063,0.636552132701,0.595317725753,0.609034267913,0.626370455857,0.598106431603,0.602280348759,0.647288842544,0.617348418915,0.599932930919,0.632803632236,0.603957075788,0.625671641791,0.638316151203,0.542015400067,0.619865113427,0.634026574235,0.671065493646,0.61569416499,0.609273570325,0.611902500791,0.635602678571,0.602615694165,0.586126783936,0.62020383693,0.651873505182,0.646711202467,0.639910813824,0.604921849019,0.642249657064,0.638274026338,0.607288721332,0.657833203429,0.64570230608,0.635583185317,0.605332455563,0.619738751814,0.653375863902,0.641889945261,0.610948191593,0.655117693732,0.597585513078,0.658469259724,0.621687480963,0.596726677578,0.601945003353,0.641499185225,0.638073158166,0.594394329897,0.606984126984,0.639152258784,0.608121492242,0.681765657499,0.608316566063,0.604292421194,0.654559915164,0.650695931478,0.598458079023,0.635434412266,0.597250167673,0.603082851638,0.679471788715,0.62850904554,0.608196212356,0.592036553525,0.61035512778,0.617192147531,0.602079395085,0.648865153538,0.629778672032,0.604031007752,0.614688128773,0.619463693884
Papio_anubis,0.401691331924,0.627378435518,0.592628752746,0.52082859094,0.598572938689,0.629492600423,0.617864693446,0.528805496829,0.614957716702,0.611522198732,0.550475687104,0.658033826638,0.0,0.595930232558,0.60967230444,0.600422832981,0.622885835095,0.60544397463,0.475422832981,0.574524312896,0.552767354597,0.582980972516,0.611786469345,0.604915433404,0.597515856237,0.564482029598,0.658871149089,0.521670190275,0.592494714588,0.611786469345,0.60200845666,0.372885835095,0.506871035941,0.627114164905,0.633456659619,0.598044397463,0.588794926004,0.594608879493,0.594344608879,0.616279069767,0.620243128964,0.584462982273,0.585095137421,0.622357293869,0.583509513742,0.626585623679,0.601479915433,0.58588794926,0.648255813953,0.610993657505,0.601744186047,0.472629521017,0.634249471459,0.583245243129,0.601479915433,0.581395348837,0.619714587738,0.623678646934,0.575317124736,0.596194503171,0.588643371017,0.594080338266,0.595930232558,0.42177589852,0.367600422833,0.604651162791,0.587685113016,0.572589098532,0.543604651163,0.617071881607,0.571881606765,0.4838794926,0.548625792812,0.612315010571,0.562632135307,0.619978858351,0.586449184442,0.59011627907,0.598572938689,0.624735729387,0.58245243129,0.560020607934,0.587209302326,0.600422832981,0.376849894292,0.611522198732,0.514213080656,0.624471458774,0.612579281184,0.444238900634,0.372885835095,0.582716701903,0.572410147992,0.608615221987,0.591437632135,0.513085234094,0.610993657505,0.588266384778,0.592494714588,0.608086680761,0.58588794926,0.584038054968,0.582980972516,0.642177589852,0.588266384778,0.616543340381,0.607029598309
Heterocephalus_glaber,0.595078898101,0.58418043202,0.628752745912,0.635328932392,0.553049555273,0.589285714286,0.5708386277,0.595034482759,0.547966963151,0.559720457433,0.549225825299,0.612452350699,0.595930232558,0.0,0.557814485388,0.557129658146,0.571791613723,0.56416772554,0.597229916898,0.540890432586,0.639071294559,0.541931385006,0.582598113782,0.562579415502,0.569230769231,0.567922374429,0.688104340004,0.612177729018,0.581897810219,0.57567485593,0.502645502646,0.584957452649,0.59505243345,0.578462515883,0.577827191868,0.579087677725,0.543519695044,0.558255451713,0.579053664166,0.564803049555,0.572744599746,0.60401459854,0.563388453728,0.574650571792,0.577185017026,0.581321473952,0.57552238806,0.583333333333,0.597522236341,0.562231759657,0.589543616407,0.628787878788,0.587357052097,0.551159196291,0.516302627414,0.587611607143,0.572744599746,0.57750952986,0.553357314149,0.617858091948,0.608427543679,0.605351170569,0.543519695044,0.601371742112,0.578033062482,0.55670750864,0.618862042089,0.607442348008,0.57460035524,0.556861499365,0.567489114659,0.597820308347,0.588591184097,0.562579415502,0.6014281936,0.573062261753,0.614805520703,0.561681388973,0.529224904701,0.570203303685,0.602661596958,0.593250901597,0.538437102922,0.551746031746,0.577523703291,0.526048284625,0.628842153917,0.586404066074,0.563532401525,0.6065747614,0.597430406852,0.537801778907,0.576093128904,0.560673443456,0.537801778907,0.632412965186,0.575795383656,0.553244334058,0.539390088945,0.565756035578,0.564842355741,0.544738500315,0.609612817089,0.596886912325,0.551937984496,0.560355781449,0.571858993673
Otolemur_garnettii,0.599090665953,0.54490209318,0.626067854528,0.638515820624,0.519581363943,0.597431077694,0.546252532073,0.592551724138,0.552253429131,0.537137069548,0.549810108092,0.59188464118,0.60967230444,0.557814485388,0.0,0.571912534647,0.545822102426,0.542200328407,0.59972299169,0.537417113988,0.642120075047,0.530731707317,0.596896866444,0.554803352676,0.560923076923,0.572203196347,0.702720935462,0.613000548546,0.573430656934,0.582044282681,0.571428571429,0.58468295361,0.595321322936,0.559081701553,0.562457798785,0.590639810427,0.514715719064,0.555763239875,0.582227351414,0.557296767875,0.544226873734,0.617831074035,0.585436611546,0.542201215395,0.582860385925,0.558406482107,0.589850746269,0.585337915235,0.584198192166,0.573574494175,0.595898324668,0.63514173998,0.553342336259,0.554250386399,0.559037670149,0.59765625,0.548615800135,0.556588118155,0.563848920863,0.630879617327,0.622816032888,0.607302118172,0.530428999002,0.600823045267,0.581395348837,0.563619227144,0.612886464017,0.615041928721,0.565423327413,0.549703752469,0.576777939042,0.59649122807,0.59925093633,0.557510589769,0.604601957154,0.553342336259,0.62634880803,0.56289978678,0.554173486088,0.553004726536,0.607550244432,0.6038124678,0.535115979381,0.556825396825,0.578639152259,0.551006932981,0.628842153917,0.560769750169,0.533423362593,0.595970307529,0.60091006424,0.502730485063,0.578364565588,0.537812288994,0.547527296082,0.631932773109,0.584840923269,0.552002483701,0.528394255875,0.556256223034,0.575252825699,0.542218021424,0.6173564753,0.567184334909,0.543255813953,0.532748143147,0.588128954504
Nannospalax_galili,0.597218507622,0.592238989837,0.623627044179,0.633507853403,0.567292885741,0.595626732368,0.580535879273,0.596689655172,0.533415460425,0.58269171543,0.55331580485,0.61533723437,0.600422832981,0.557129658146,0.571912534647,0.0,0.586695411149,0.575916230366,0.60027700831,0.545118570989,0.647983114447,0.561441330459,0.584727715242,0.575916230366,0.569230769231,0.560787671233,0.694625590286,0.610806363138,0.576350364964,0.577494692144,0.554049892208,0.579741970903,0.594514654477,0.589775177087,0.592854943024,0.583234597156,0.567600862334,0.562673236834,0.546739757646,0.580535879273,0.58515552818,0.585505735141,0.544531476646,0.591315060055,0.574914869467,0.587311364336,0.548059701493,0.590206185567,0.609177702495,0.558553034948,0.595898324668,0.628543499511,0.604250076994,0.54604250077,0.562981213428,0.556919642857,0.581767785648,0.578995996304,0.558153477218,0.598192931172,0.611767728674,0.605629877369,0.562981213428,0.60658436214,0.57326982348,0.567292885741,0.622499350481,0.605870020964,0.575784487863,0.574068370804,0.565166908563,0.606858054226,0.59089599539,0.583307668617,0.60698227982,0.582999692023,0.589962358846,0.558330795005,0.561133353865,0.566984909147,0.60917979359,0.594796496651,0.554665845396,0.574684323991,0.584774121584,0.572220511241,0.630459902935,0.591623036649,0.582383738836,0.605249204666,0.596359743041,0.557129658146,0.578080636002,0.582075762242,0.551586079458,0.630972388956,0.588235294118,0.554049892208,0.560517400678,0.575916230366,0.573170731707,0.55097012627,0.604806408545,0.613181398214,0.561133353865,0.585463504774,0.548056643567
Balaenoptera_acutorostrata,0.608184006419,0.563342318059,0.63314620454,0.652401547917,0.535714285714,0.608082706767,0.547506738544,0.614344827586,0.558458523841,0.4474393531,0.576102833772,0.597250167673,0.622885835095,0.571791613723,0.545822102426,0.586695411149,0.0,0.543513957307,0.614958448753,0.521313545943,0.65830206379,0.53756097561,0.587770003042,0.541908446164,0.546153846154,0.571347031963,0.696199685181,0.62534284147,0.561751824818,0.590536851683,0.582321817616,0.597584408455,0.612261360581,0.563005390836,0.551212938005,0.598933649289,0.526421404682,0.55015576324,0.597230236584,0.569702905648,0.549528301887,0.629562043796,0.592689295039,0.559973045822,0.597616345062,0.570754716981,0.605373134328,0.59793814433,0.594576498159,0.594114040466,0.592432120162,0.637585532747,0.54346361186,0.561051004637,0.581829692941,0.610770089286,0.557614555256,0.55227348158,0.568345323741,0.634600053149,0.624100719424,0.602842809365,0.527435982707,0.609053497942,0.59260297002,0.568331762488,0.614185502728,0.611635220126,0.583185316755,0.56155365372,0.564005805515,0.614832535885,0.610198789974,0.453567937439,0.591377942343,0.551549865229,0.633124215809,0.567773378008,0.564320785597,0.570080862534,0.590711569799,0.582174137043,0.530927835052,0.535238095238,0.602063580591,0.56025090789,0.649410677144,0.5525606469,0.54076819407,0.615853658537,0.609207708779,0.553164150337,0.560477001704,0.55525606469,0.559087989724,0.641536614646,0.523081721772,0.562247749146,0.532637075718,0.561234649851,0.557703747769,0.554190296156,0.617890520694,0.550202156334,0.556279069767,0.452493261456,0.587225067792
Ailuropoda_melanoleuca,0.607916555229,0.570771756979,0.628264583842,0.649214659686,0.532676518883,0.603696741855,0.539244663383,0.604137931034,0.561724363161,0.542857142857,0.564125036518,0.605911330049,0.60544397463,0.56416772554,0.542200328407,0.575916230366,0.543513957307,0.0,0.606925207756,0.526997158194,0.648686679174,0.484552845528,0.589291146943,0.538362346873,0.551076923077,0.54252283105,0.70002248707,0.618486012068,0.562919708029,0.59508644222,0.566137566138,0.592917924787,0.605808012907,0.575041050903,0.533333333333,0.581753554502,0.48210180624,0.547040498442,0.591748413156,0.56545870062,0.543513957307,0.625912408759,0.590948651001,0.560591133005,0.590238365494,0.569129720854,0.591044776119,0.589633447881,0.6,0.580931943593,0.58549971115,0.633675464321,0.560591133005,0.550540958269,0.578031022475,0.593470982143,0.552709359606,0.457471264368,0.523980815348,0.627956417752,0.623329907503,0.602006688963,0.48144499179,0.603566529492,0.588960493135,0.560791705938,0.585346843336,0.601153039832,0.583777383067,0.56288998358,0.540203193033,0.607655502392,0.602996254682,0.54578038449,0.600370272415,0.541871921182,0.62634880803,0.560158391715,0.551882160393,0.578325123153,0.596414991852,0.596857290057,0.534149484536,0.534603174603,0.585331846068,0.558620689655,0.640397504044,0.528078817734,0.537931034483,0.608430540827,0.606798715203,0.544169611307,0.570414537195,0.555336617406,0.545600513809,0.634573829532,0.573611977542,0.533064265756,0.516318537859,0.555993431856,0.557108863772,0.54347826087,0.607209612817,0.567487684729,0.546356589147,0.541543513957,0.591744501356
Colobus_angolensis,0.471248997058,0.615512465374,0.608982182084,0.531072160255,0.595844875346,0.627700831025,0.607756232687,0.548965517241,0.616343490305,0.603047091413,0.559833795014,0.64459833795,0.475422832981,0.597229916898,0.59972299169,0.60027700831,0.614958448753,0.606925207756,0.0,0.576731301939,0.571060037523,0.591412742382,0.598614958449,0.595844875346,0.581717451524,0.572853185596,0.673038003148,0.479155238618,0.577008310249,0.601939058172,0.60055401662,0.45237441669,0.536703414896,0.613850415512,0.621329639889,0.597229916898,0.583102493075,0.58891966759,0.594182825485,0.610249307479,0.621052631579,0.609228362878,0.580609418283,0.613296398892,0.578670360111,0.619390581717,0.592797783934,0.570637119114,0.65567867036,0.603878116343,0.593905817175,0.488269794721,0.631301939058,0.583933518006,0.593351800554,0.579501385042,0.618559556787,0.608587257618,0.581163434903,0.606431039065,0.600205549846,0.586980609418,0.6,0.392866941015,0.450138504155,0.596398891967,0.594440114315,0.595125786164,0.542382271468,0.607202216066,0.571191135734,0.500265816055,0.563434903047,0.606371191136,0.582385612272,0.609972299169,0.608281053952,0.596675900277,0.605263157895,0.62216066482,0.576588810429,0.578567748583,0.587257617729,0.595567867036,0.443767313019,0.605263157895,0.54726138202,0.625207756233,0.61108033241,0.430805938494,0.4676124197,0.570914127424,0.570360110803,0.603601108033,0.585872576177,0.541656662665,0.605540166205,0.583379501385,0.585318559557,0.606648199446,0.584764542936,0.589473684211,0.587182910547,0.638781163435,0.584764542936,0.61163434903,0.596121883657
Capra_hircus,0.581171436213,0.54467950742,0.610690749329,0.611882540405,0.522260814651,0.578947368421,0.551626144616,0.572137931034,0.541206188822,0.521629302179,0.530820917324,0.598989580044,0.574524312896,0.540890432586,0.537417113988,0.545118570989,0.521313545943,0.526997158194,0.576731301939,0.0,0.627110694184,0.515314177455,0.565865530879,0.522892327123,0.425846153846,0.532819634703,0.679784124129,0.587767416347,0.451678832117,0.555959963603,0.545284780579,0.563546527587,0.572196827104,0.566782443953,0.564256394064,0.563684834123,0.516892958636,0.401557632399,0.560011540681,0.549731607199,0.546889801074,0.592805005214,0.562808239048,0.548468582254,0.560726447219,0.563624881591,0.567164179104,0.576746849943,0.592990211557,0.558246474555,0.572212593876,0.61045943304,0.552889169561,0.533848531685,0.541521945058,0.5703125,0.548152826018,0.542469213767,0.525179856115,0.608822747808,0.590955806783,0.583612040134,0.519103252289,0.580795610425,0.555898010647,0.535029846057,0.595998960769,0.589360587002,0.558910597987,0.541837701295,0.538461538462,0.58293460925,0.568424085278,0.52068203347,0.480825178524,0.54720555731,0.604516938519,0.542187024063,0.535522576571,0.560783075466,0.463878326996,0.388459556929,0.491000947269,0.512788127566,0.558003346347,0.545311019893,0.610815807719,0.55383643827,0.536154089043,0.580063626723,0.578426124197,0.515629933691,0.448324815446,0.546889801074,0.52320808336,0.602881152461,0.536805988771,0.519093449239,0.506788759078,0.545626776129,0.417013682332,0.509451795841,0.584512683578,0.560151562993,0.524341085271,0.504894221661,0.560409761976
Pongo_abelii,0.547607879925,0.664868667917,0.599671669794,0.491918961985,0.641416510319,0.667917448405,0.652673545966,0.58935272045,0.651031894934,0.650797373358,0.610459662289,0.688555347092,0.552767354597,0.639071294559,0.642120075047,0.647983114447,0.65830206379,0.648686679174,0.571060037523,0.627110694184,0.0,0.636257035647,0.648217636023,0.647748592871,0.636726078799,0.618667917448,0.646278389926,0.541041275797,0.633442776735,0.65126641651,0.638836772983,0.540806754221,0.575046904315,0.663696060038,0.670497185741,0.643058161351,0.637898686679,0.641416510319,0.634849906191,0.66064727955,0.664868667917,0.617260787992,0.630159474672,0.656660412758,0.626876172608,0.675187617261,0.643527204503,0.6191369606,0.681754221388,0.651969981238,0.641416510319,0.544793621013,0.673311444653,0.626876172608,0.642120075047,0.623358348968,0.66299249531,0.659709193246,0.620778611632,0.635553470919,0.608583489681,0.635553470919,0.644465290807,0.557926829268,0.551360225141,0.647045028143,0.619840525328,0.620778611632,0.602720450281,0.65361163227,0.624061913696,0.514071294559,0.609521575985,0.654080675422,0.616791744841,0.647279549719,0.611163227017,0.637195121951,0.643761726079,0.667682926829,0.623123827392,0.58935272045,0.637664165103,0.640009380863,0.549484052533,0.651735459662,0.489253524382,0.665572232645,0.651969981238,0.547138836773,0.546669793621,0.617026266417,0.619371482176,0.654080675422,0.63203564728,0.496247654784,0.649155722326,0.625938086304,0.631332082552,0.652204502814,0.626407129456,0.634615384615,0.616322701689,0.681519699812,0.631566604128,0.660178236398,0.651735459662
Mustela_putorius,0.580903985023,0.557723577236,0.612643397608,0.630548600046,0.520975609756,0.586779448622,0.537235772358,0.587034482759,0.546016260163,0.531707317073,0.543675138767,0.60325203252,0.582980972516,0.541931385006,0.530731707317,0.561441330459,0.53756097561,0.484552845528,0.591412742382,0.515314177455,0.636257035647,0.0,0.57286279282,0.527079303675,0.540307692308,0.516552511416,0.684731279514,0.60010970927,0.56204379562,0.56991204125,0.553999377529,0.56601701894,0.58080129067,0.559674796748,0.533658536585,0.564869668246,0.470894308943,0.53769470405,0.579342181189,0.543414634146,0.538211382114,0.60740354536,0.574702639977,0.545040650407,0.576333711691,0.564227642276,0.579104477612,0.56901489118,0.597723577236,0.569589209074,0.578856152513,0.619257086999,0.552195121951,0.538485316847,0.560620449509,0.5859375,0.549918699187,0.507967479675,0.506294964029,0.616263619453,0.5950668037,0.583890746934,0.477073170732,0.58353909465,0.563743345475,0.546968268929,0.578591842037,0.592767295597,0.566015393724,0.549918699187,0.525108853411,0.584263689527,0.581388648804,0.532682926829,0.589262099974,0.536260162602,0.614554579674,0.545233018581,0.536910569106,0.567154471545,0.590168386746,0.572900566718,0.510631443299,0.526031746032,0.566648075851,0.536585365854,0.61728680379,0.527479674797,0.527154471545,0.599416755037,0.587259100642,0.522646964343,0.558773424191,0.543414634146,0.526011560694,0.616566626651,0.561447286338,0.52281900031,0.488780487805,0.54406504065,0.546400951814,0.528040327662,0.588785046729,0.564227642276,0.523100775194,0.533333333333,0.575474540524
Myotis_davidii,0.612730676652,0.612716763006,0.622650720039,0.643751422718,0.567386674779,0.609674475205,0.595375722543,0.609103448276,0.588074231822,0.594463036203,0.574057843996,0.625798600548,0.611786469345,0.582598113782,0.596896866444,0.584727715242,0.587770003042,0.589291146943,0.598614958449,0.565865530879,0.648217636023,0.57286279282,0.0,0.5746881655,0.57347125038,0.583333333333,0.686755115808,0.617937465716,0.579270072993,0.581740976645,0.57347125038,0.597035410376,0.60634579188,0.606327958625,0.598418010344,0.587085308057,0.581989656221,0.5731670216,0.596076168494,0.597505324004,0.560085184058,0.629040667362,0.591238758341,0.549437176757,0.589387060159,0.597809552784,0.59671641791,0.591638029782,0.626407058108,0.584727715242,0.486424032351,0.63587487781,0.602981442044,0.5731670216,0.591116519623,0.597935267857,0.597809552784,0.590508062063,0.567146282974,0.625564709009,0.618961973279,0.479096989967,0.587770003042,0.607133058985,0.59232277949,0.581381198661,0.619381657573,0.604821802935,0.577264653641,0.599634925464,0.576777939042,0.606592238171,0.609622587151,0.589291146943,0.609891563079,0.588378460602,0.625846925972,0.576209309401,0.588682689382,0.607544873745,0.598859315589,0.596857290057,0.575905080621,0.575905080621,0.59648633575,0.588986918162,0.64178414606,0.602372984484,0.581076969881,0.616914103924,0.606263383298,0.577730453301,0.583475298126,0.596592637664,0.577730453301,0.638655462185,0.591116519623,0.563431700639,0.57134164892,0.594463036203,0.56989886972,0.56890781868,0.605073431242,0.610282932765,0.560389412838,0.595375722543,0.595058752636
