,Chlorocebus_sabaeus,Trichechus_manatus,Galeopterus_variegatus,Homo_sapiens,Rousettus_aegyptiacus,Monodelphis_domestica,Condylura_cristata,Aotus_nancymaae,Microtus_ochrogaster,Lipotes_vexillifer,Microcebus_murinus,Sarcophilus_harrisii,Papio_anubis,Heterocephalus_glaber,Otolemur_garnettii,Nannospalax_galili,Balaenoptera_acutorostrata,Ailuropoda_melanoleuca,Colobus_angolensis,Capra_hircus,Pongo_abelii,Mustela_putorius,Myotis_davidii,Camelus_ferus,Bos_mutus,Panthera_pardus,Ornithorhynchus_anatinus,Nomascus_leucogenys,Bison_bison,Elephantulus_edwardii,Fukomys_damarensis,Macaca_nemestrina,Cebus_capucinus,Sorex_araneus,Acinonyx_jubatus,Tupaia_chinensis,Odobenus_rosmarus,Bos_indicus,Mus_caroli,Chrysochloris_asiatica,Miniopterus_natalensis,Rattus_norvegicus,Peromyscus_maniculatus,Eptesicus_fuscus,Castor_canadensis,Echinops_telfairi,Mus_pahari,Carlito_syrichta,Phascolarctos_cinereus,Dipodomys_ordii,Myotis_lucifugus,Rhinopithecus_bieti,Camelus_bactrianus,Marmota_marmota,Octodon_degus,Meriones_unguiculatus,Loxodonta_africana,Ursus_maritimus,Canis_lupus,Cricetulus_griseus,Dasypus_novemcinctus,Myotis_brandtii,Neomonachus_schauinslandi,Mandrillus_leucophaeus,Macaca_fascicularis,Erinaceus_europaeus,Leptonychotes_weddellii,Manis_javanica,Saimiri_boliviensis,Ochotona_princeps,Felis_catus,Pan_paniscus,Callithrix_jacchus,Physeter_catodon,Bubalus_bubalis,Equus_caballus,Mus_musculus,Hipposideros_armiger,Cavia_porcellus,Jaculus_jaculus,Pantholops_hodgsonii,Ovis_aries,Sus_scrofa,Vicugna_pacos,Cercocebus_atys,Chinchilla_lanigera,Pan_troglodytes,Panthera_tigris,Pteropus_alecto,Rhinopithecus_roxellana,Macaca_mulatta,Propithecus_coquereli,Odocoileus_virginianus,Orycteropus_afer,Ictidomys_tridecemlineatus,Gorilla_gorilla,Tursiops_truncatus,Equus_asinus,Ceratotherium_simum,Oryctolagus_cuniculus,Bos_taurus,Rhinolophus_sinicus,Equus_przewalskii,Camelus_dromedarius,Pteropus_vampyrus,Orcinus_orca,Mesocricetus_auratus
Chlorocebus_sabaeus,0.0,0.99892807922,0.998098768953,0.970393573486,0.999183298453,0.999848216544,0.999336429993,0.989689142974,0.999438517687,0.999132254607,0.997498851513,0.999744780767,0.850543616967,0.999438517687,0.998825991527,0.9992343423,0.99938747384,0.998825991527,0.93144811393,0.998672859987,0.974937471288,0.998570772293,0.999285386147,0.999132254607,0.99908121076,0.998111377673,0.999897912307,0.976111479761,0.999132254607,0.9992343423,0.999336429993,0.841457812261,0.99050584452,0.999285386147,0.999285386147,0.99877494768,0.9977030269,0.998877035373,0.999014195584,0.998825991527,0.999183298453,0.999568572935,0.999618411638,0.998825991527,0.999336429993,0.99954060538,0.999240698557,0.9984686846,0.999897912307,0.99908121076,0.99908121076,0.926292685417,0.99938747384,0.999183298453,0.999132254607,0.999558217161,0.999132254607,0.99892807922,0.998672859987,0.999299684858,0.998979123067,0.999132254607,0.99816242152,0.887142055025,0.838905619928,0.99938747384,0.998677854055,0.99903041437,0.99173089684,0.999438517687,0.99892807922,0.968403858915,0.99280281762,0.99908121076,0.998724552367,0.999183298453,0.999338905416,0.998519728447,0.999336429993,0.999132254607,0.999287749288,0.999057954631,0.99908121076,0.999030166913,0.852585370834,0.999489561533,0.965304436562,0.999132254607,0.99877494768,0.914180816888,0.837170129141,0.997600939207,0.999200799201,0.998877035373,0.998723903833,0.969109660704,0.998877035373,0.99892807922,0.997907202287,0.999489561533,0.999132254607,0.998975509806,0.999030166913,0.999438517687,0.999030166913,0.998672859987,0.99938747384
Trichechus_manatus,0.99892807922,0.0,0.999144446029,0.998939018845,0.9994310747,0.999645838604,0.99874836434,0.998617944607,0.999537750385,0.99840700916,0.998903566021,0.99957374254,0.998854703524,0.999195106246,0.999022907393,0.999101622364,0.9988621494,0.99897593446,0.998766491473,0.999062646461,0.998976283911,0.998686802364,0.99914661205,0.99926686217,0.999240780911,0.999127981534,0.99967223861,0.99903282699,0.999110413396,0.998619137728,0.999573242292,0.998850214278,0.99881632443,0.999348321929,0.99948796723,0.99920350458,0.998176291793,0.999004039174,0.999162066246,0.99824496091,0.99920350458,0.999616509276,0.999761507274,0.99903282699,0.999720826354,0.998824911868,0.999038218173,0.999161381624,0.99971553735,0.999526987964,0.99926039711,0.998949986184,0.99920350458,0.99913083491,0.999273783588,0.999460043197,0.99530091151,0.99908971952,0.998966717424,0.999199639838,0.999182380295,0.999257018521,0.99863457928,0.99889105983,0.998907842729,0.999301675978,0.998677854055,0.999336599306,0.998642189876,0.999273783588,0.999247675856,0.998737581646,0.99897593446,0.99857768675,0.999067942114,0.99931728964,0.999291684375,0.999063360882,0.999495600516,0.999044138319,0.999245852187,0.999397090964,0.99914661205,0.9988621494,0.998527788001,0.99926039711,0.999028135478,0.9994310747,0.99920350458,0.998674213452,0.998849733347,0.998853524049,0.999100899101,0.996726498991,0.998789282518,0.998654775547,0.99891904193,0.998914896915,0.99831152385,0.99982932241,0.999002051339,0.999073080301,0.999538887181,0.9994310747,0.999232498218,0.99817943904,0.99942408377
Galeopterus_variegatus,0.998098768953,0.999144446029,0.0,0.998241361281,0.999191976805,0.999857407671,0.99938209991,0.99838395361,0.999239507581,0.998811730596,0.99776605352,0.999667284567,0.998051238177,0.99938209991,0.998621607491,0.999239507581,0.998669138267,0.998526545938,0.99838395361,0.998811730596,0.998431484386,0.998479015162,0.999477161462,0.999144446029,0.999096915253,0.998336422834,0.999762346119,0.998193830505,0.998906792148,0.999477161462,0.999239507581,0.998288892058,0.998051238177,0.999667284567,0.999191976805,0.998954322924,0.998336422834,0.998954322924,0.99938209991,0.999477161462,0.999191976805,0.999809876895,0.999429630686,0.998669138267,0.999096915253,0.999714815343,0.999477161462,0.998764199819,0.999904938448,0.999096915253,0.99938209991,0.998669138267,0.999144446029,0.998621607491,0.999144446029,0.999572223014,0.999191976805,0.998526545938,0.9990018537,0.999334569134,0.999334569134,0.999334569134,0.998954322924,0.998288892058,0.998193830505,0.999096915253,0.998906792148,0.999239507581,0.998193830505,0.999524692238,0.998526545938,0.99776605352,0.998764199819,0.998764199819,0.998859261372,0.998716669043,0.999527789583,0.9990018537,0.99938209991,0.99938209991,0.999371543489,0.999095636446,0.999049384476,0.999096915253,0.997861115072,0.999144446029,0.997908645848,0.998669138267,0.998716669043,0.997908645848,0.997908645848,0.998051238177,0.998906792148,0.999191976805,0.998574076715,0.997718522743,0.998811730596,0.998241361281,0.998574076715,0.999429630686,0.998954322924,0.998811730596,0.998716669043,0.999239507581,0.998669138267,0.998621607491,0.999334569134
Homo_sapiens,0.970393573486,0.998939018845,0.998241361281,0.0,0.999040064669,0.999696862527,0.999191633406,0.988986005153,0.999494770879,0.999242156318,0.997423331481,0.999848431264,0.968524225736,0.999444247966,0.998635881372,0.999444247966,0.999191633406,0.999040064669,0.97261658162,0.998989541757,0.944828979942,0.999040064669,0.999545293791,0.999191633406,0.998989541757,0.998282220987,0.999898954176,0.94311120093,0.999141110494,0.999545293791,0.999494770879,0.969635729803,0.989188096802,0.999646339615,0.999191633406,0.99929267923,0.998282220987,0.998939018845,0.999605678233,0.999393725054,0.99929267923,0.999568572935,0.999666110184,0.999090587581,0.99929267923,0.999595816703,0.999343202142,0.998383266811,0.999848431264,0.99929267923,0.999343202142,0.974890112666,0.999191633406,0.999191633406,0.99929267923,0.999558217161,0.999141110494,0.999444247966,0.998231698075,0.999649842429,0.999040064669,0.999393725054,0.998433789724,0.970646188046,0.967463244581,0.999444247966,0.999040064669,0.999393725054,0.992017379882,0.999393725054,0.998939018845,0.823675036629,0.991714242409,0.999242156318,0.999116997792,0.999343202142,0.999575010625,0.999040064669,0.999444247966,0.999242156318,0.99941344059,0.999133318261,0.998787450109,0.998837973021,0.969181023594,0.999545293791,0.799115603285,0.999090587581,0.999040064669,0.972970242005,0.967614813318,0.997069671096,0.999350649351,0.999191633406,0.999040064669,0.844850779732,0.998888495933,0.999040064669,0.998282220987,0.999494770879,0.998888495933,0.999121865548,0.999040064669,0.999393725054,0.998888495933,0.998433789724,0.999696862527
Rousettus_aegyptiacus,0.999183298453,0.9994310747,0.999191976805,0.999040064669,0.0,0.999797622059,0.998900844614,0.999336613411,0.999897277863,0.998713525525,0.998538088028,0.999733589088,0.999219116039,0.999302425413,0.999185756161,0.99968292554,0.998996458087,0.99876724391,0.999249168723,0.998906420872,0.999260649491,0.999069818341,0.999015006663,0.998590119558,0.999186550976,0.998512439087,0.999617611712,0.999114521842,0.998953427525,0.999539712576,0.999679931719,0.999111529215,0.999382430137,0.999185402411,0.99852420307,0.999481088561,0.998176291793,0.999114701488,0.999753548896,0.999787267989,0.998386167147,0.999808254638,0.999618411638,0.998391913623,0.999720826354,0.999664260534,0.999544419134,0.999580690812,0.999881936246,0.999474431072,0.998630136986,0.999502625035,0.998819362456,0.999386471701,0.999533146592,0.999656391125,0.99915076714,0.998878394333,0.998314117903,0.99984993247,0.998977975369,0.998620177254,0.997988390137,0.999471933252,0.998959850218,0.99978513107,0.998728705823,0.999285568483,0.999293938736,0.999497234791,0.997957977323,0.999341346945,0.998878394333,0.998854393401,0.999166053471,0.99900509159,0.999858336875,0.997465564738,0.999719778064,0.999325274107,0.999497234791,0.999171000075,0.998856946905,0.998676792084,0.999106157001,0.999116971802,0.999173915156,0.998583234947,0.971664698937,0.999337106726,0.998954303043,0.998580553584,0.998851148851,0.999563533199,0.999315681423,0.999352299337,0.998878394333,0.99886322534,0.998047699451,0.999291617473,0.999112934523,0.998194945848,0.999026539604,0.999114521842,0.974014582534,0.998701298701,0.999581151832
Monodelphis_domestica,0.999848216544,0.999645838604,0.999857407671,0.999696862527,0.999797622059,0.0,0.999544649633,0.999443460663,0.999747027574,0.999494055148,0.999747027574,0.998937515811,0.999696433089,0.999696433089,0.999595244118,0.999494055148,0.999848216544,0.999696433089,0.999595244118,0.999544649633,0.999949405515,0.999544649633,0.999797622059,0.999797622059,0.999848216544,0.999544649633,0.999848216544,0.999645838604,0.999392866178,0.999443460663,0.999747027574,0.999696433089,0.999645838604,0.999696433089,0.999544649633,0.999848216544,0.999645838604,0.999595244118,0.999359227129,0.999747027574,0.999848216544,0.999760318297,0.999618411638,0.999544649633,0.999696433089,0.999747027574,0.999443460663,0.999696433089,0.998178598533,0.999544649633,0.999848216544,0.999747027574,0.999797622059,0.999494055148,0.999797622059,0.999656391125,0.999747027574,0.999747027574,0.999392866178,0.999449752389,0.999696433089,0.999747027574,0.999544649633,0.999747027574,0.999696433089,0.999342271692,0.999696433089,0.999747027574,0.999595244118,0.999645838604,0.999494055148,0.999696433089,0.999696433089,0.999595244118,0.999705665931,0.999747027574,0.999622231666,0.999595244118,0.999696433089,0.999595244118,0.999706720295,0.999811590926,0.999747027574,0.999747027574,0.999696433089,0.999747027574,0.999562660965,0.999645838604,0.999696433089,0.999595244118,0.999645838604,0.999595244118,0.9997002997,0.999595244118,0.999241082722,0.999601414977,0.999696433089,0.999696433089,0.999848216544,0.999747027574,0.999696433089,0.999609718021,0.999797622059,0.99989881103,0.99989881103,0.999645838604,0.999494055148
Condylura_cristata,0.999336429993,0.99874836434,0.99938209991,0.999191633406,0.998900844614,0.999544649633,0.0,0.999115484549,0.999486389317,0.998958694898,0.998746932595,0.999680306905,0.999167057109,0.99924876583,0.999077190316,0.999313005337,0.999247946315,0.998727293764,0.999195537917,0.999062646461,0.999203776375,0.998413219523,0.998958694898,0.998815700429,0.999349240781,0.998717619903,0.999781492407,0.999421497165,0.999058084772,0.999181711246,0.99909313987,0.999372844152,0.999125109361,0.99853372434,0.999016545181,0.999250461255,0.998231555678,0.999114701488,0.999457807571,0.999255437962,0.999077809798,0.999520636595,0.999523014548,0.998564208592,0.999497487437,0.998992781601,0.999291318654,0.999161381624,0.99982644915,0.999053975929,0.998573059361,0.999336833379,0.998900844614,0.999386471701,0.999066293184,0.999558217161,0.99915076714,0.998842994331,0.998640417664,0.999299684858,0.999080177832,0.998726317465,0.998333237542,0.999260706553,0.999011857708,0.998979372583,0.998576150521,0.999183506838,0.998696502281,0.999385509189,0.998764038906,0.999121795927,0.999016545181,0.998739832741,0.999215109149,0.999016545181,0.999527789583,0.998842975207,0.999495600516,0.99876300253,0.999539131892,0.999434772779,0.999142710179,0.998964445979,0.998948420001,0.999537197732,0.999076728704,0.999016545181,0.998611593197,0.998827188823,0.999006587891,0.998853524049,0.999200799201,0.999181624748,0.999263041533,0.999003537442,0.999016545181,0.998759882189,0.998628113128,0.999363646882,0.999112934523,0.999024295053,0.99912900912,0.999132245748,0.998739104216,0.998438042346,0.999685863874
Aotus_nancymaae,0.989689142974,0.998617944607,0.99838395361,0.988986005153,0.999336613411,0.999443460663,0.999115484549,0.0,0.99969183359,0.998949637901,0.997546076333,0.999733589088,0.989484095997,0.99940974458,0.998480078167,0.999154468108,0.99922604898,0.999391895627,0.990882763059,0.999010571265,0.990712587761,0.999015101773,0.999391895627,0.999004920117,0.999240780911,0.998666324699,0.999508357915,0.990546741113,0.999319727891,0.999539712576,0.999359863438,0.988972509669,0.952652977201,0.999348321929,0.999336613411,0.998949637901,0.998452611219,0.999060202333,0.999359227129,0.999255437962,0.999115484549,0.999616509276,0.999523014548,0.998673226823,0.999281331196,0.99961302449,0.999645659327,0.998532417842,0.999834153353,0.999053975929,0.999281331196,0.990163028461,0.998949637901,0.998568433969,0.999325656188,0.999558217161,0.999115484549,0.999060202333,0.998531651077,0.999299684858,0.999182380295,0.998991667993,0.998507380176,0.991075671965,0.988194299979,0.999194241513,0.999033816425,0.999438660951,0.958396697806,0.999336613411,0.998871513784,0.987650255228,0.962131682238,0.998894355686,0.999116997792,0.999004920117,0.999386126458,0.998953168044,0.999502460059,0.999502460059,0.999622926094,0.99928404552,0.999060202333,0.998507380176,0.988695515011,0.99922604898,0.988386218961,0.998894355686,0.998673226823,0.989240732242,0.987974484994,0.997816236283,0.999050949051,0.998799716297,0.998473443175,0.988042449305,0.999115484549,0.99886322534,0.99820599409,0.999668306706,0.999170766764,0.999365791785,0.999180243877,0.999115484549,0.998848747327,0.999004920117,0.999633507853
Microtus_ochrogaster,0.999438517687,0.999537750385,0.999239507581,0.999494770879,0.999897277863,0.999747027574,0.999486389317,0.99969183359,0.0,0.999537750385,0.999537750385,0.999486389317,0.999486389317,0.999178222907,0.999178222907,0.998715973292,0.999589111454,0.999743194658,0.99938366718,0.999332306112,0.999589111454,0.999280945044,0.99938366718,0.99969183359,0.999589111454,0.999179276738,0.999845916795,0.999845916795,0.999486389317,0.999386283435,0.999486389317,0.999280945044,0.999332306112,0.999435028249,0.999435028249,0.999589111454,0.999589111454,0.999435028249,0.998126971609,0.999537750385,0.999640472522,0.998561909784,0.99632721202,0.999537750385,0.999332306112,0.999280945044,0.997975196153,0.999589111454,0.999897277863,0.999332306112,0.999640472522,0.999537750385,0.999743194658,0.999284216985,0.999178222907,0.998527390536,0.999743194658,0.999589111454,0.999640472522,0.997348806963,0.999591190148,0.999537750385,0.999486389317,0.999435028249,0.999332306112,0.999486389317,0.999542334096,0.999183506838,0.99938366718,0.999435028249,0.999486389317,0.999537750385,0.999743194658,0.99938366718,0.999705665931,0.999486389317,0.998536147707,0.999537750385,0.999126861839,0.999126861839,0.999664823194,0.999547818223,0.999537750385,0.999743194658,0.999229583975,0.999537750385,0.999562660965,0.999435028249,0.999435028249,0.999592065677,0.99938366718,0.999435028249,0.9995004995,0.99969183359,0.999280945044,0.999302476209,0.999589111454,0.999589111454,0.999486389317,0.99969183359,0.999640472522,0.999463362279,0.999795060969,0.99969183359,0.999640472522,0.999280945044,0.996558808423
Lipotes_vexillifer,0.999132254607,0.99840700916,0.998811730596,0.999242156318,0.998713525525,0.999494055148,0.998958694898,0.998949637901,0.999537750385,0.0,0.998381454602,0.999840153453,0.999219116039,0.99940974458,0.998805775703,0.999471542567,0.956142915619,0.9981287644,0.999141907111,0.996250585846,0.999317522607,0.997975486977,0.99936265137,0.99757500564,0.997017353579,0.998255963067,0.99967223861,0.999122858312,0.997331240188,0.998977139058,0.999466552865,0.999163792202,0.998970716896,0.999511241447,0.998888953862,0.999192804428,0.996960486322,0.99706744868,0.999556388013,0.999149071957,0.998674351585,0.999568572935,0.999570713093,0.998219618654,0.99932998325,0.999328521068,0.999544419134,0.999161381624,0.99976609555,0.999316760393,0.999257990868,0.999226305609,0.997076194375,0.998977452835,0.999273783588,0.999852739054,0.999263998188,0.998772001637,0.998205351316,0.999799909959,0.999233481527,0.999203948416,0.997643542732,0.999102286529,0.998907842729,0.99892565535,0.997965929316,0.999081445193,0.999293938736,0.999664823194,0.99854908915,0.999066908173,0.999356762762,0.951827242525,0.997449104734,0.998421144962,0.999575010625,0.998236914601,0.999047245418,0.999325274107,0.997988939165,0.9977014093,0.996513688061,0.996202968588,0.998843262001,0.999415238875,0.9988823558,0.998538097187,0.99836266885,0.999031155984,0.998902018195,0.998416771305,0.997352647353,0.999017949697,0.999157761752,0.99905336057,0.938950938542,0.997933136981,0.997836639932,0.99929828665,0.997061595609,0.998634013074,0.99846295727,0.997485527162,0.998355353325,0.886731770072,0.999528795812
Microcebus_murinus,0.997498851513,0.998903566021,0.99776605352,0.997423331481,0.998538088028,0.999747027574,0.998746932595,0.997546076333,0.999537750385,0.998381454602,0.0,0.999530099723,0.997397053465,0.998799143737,0.997389442907,0.999060199447,0.998903566021,0.998746932595,0.997702709758,0.998125292923,0.997911554326,0.998172610035,0.999373466298,0.998694721454,0.998746932595,0.998461143883,0.999530099723,0.998068187751,0.998642510312,0.999283997341,0.99916462173,0.997702709758,0.99752972055,0.999112410588,0.999007988305,0.998694721454,0.998015976609,0.998694721454,0.999112776025,0.999269044014,0.998746932595,0.999616509276,0.999570713093,0.998224821177,0.998851354879,0.99942567744,0.999291318654,0.998642510312,0.999843366574,0.999060199447,0.998955777163,0.998120398893,0.998799143737,0.998721816044,0.999118165785,0.999460043197,0.999216832872,0.999112410588,0.998642510312,0.999549797409,0.998875772906,0.998955777163,0.998224821177,0.998433665744,0.997243603079,0.999373466298,0.99877955759,0.99882629108,0.997859343184,0.999477888581,0.998851354879,0.997441654049,0.997963765468,0.998538088028,0.998773608045,0.998694721454,0.999480568541,0.998746932595,0.999216832872,0.999321255156,0.999036366683,0.998907227372,0.998799143737,0.998799143737,0.997389442907,0.998903566021,0.997327372564,0.999007988305,0.998277032319,0.997807353016,0.997441654049,0.981987156059,0.998451548452,0.999007988305,0.998329243461,0.997259727966,0.997807132042,0.998398181161,0.997285020623,0.99916462173,0.99859029917,0.998634013074,0.998872835331,0.999007988305,0.998381454602,0.997859343184,0.999321255156
Sarcophilus_harrisii,0.999744780767,0.99957374254,0.999667284567,0.999848431264,0.999733589088,0.998937515811,0.999680306905,0.999733589088,0.999486389317,0.999840153453,0.999530099723,0.0,0.999635587485,0.999627024723,0.999360613811,0.999207313851,0.999893435635,0.999840153453,0.999627024723,0.999531323231,0.999840153453,0.999520460358,0.999733589088,0.999627024723,0.999840153453,0.999640933573,0.999627024723,0.99978687127,0.999633699634,0.999437426482,0.99957374254,0.999529633114,0.999588286758,0.99957374254,0.99957374254,0.999840153453,0.999627024723,0.999680306905,0.999260646688,0.999521352976,0.999840153453,0.999472700254,0.999666110184,0.999467178176,0.999627024723,0.999680306905,0.999443178942,0.999318622569,0.997868712702,0.999474431072,0.999733589088,0.999733589088,0.999840153453,0.999386471701,0.999585019193,0.999607304143,0.999733589088,0.99957374254,0.999467178176,0.999449752389,0.999744493842,0.999893859789,0.99957374254,0.999735966626,0.999635947576,0.999360613811,0.999745741165,0.999693815064,0.999680306905,0.999627024723,0.999467178176,0.999680306905,0.999680306905,0.99978687127,0.999607554574,0.999680306905,0.999575010625,0.99978687127,0.999680306905,0.999520460358,0.999664823194,0.999773909111,0.999840153453,0.999733589088,0.999631947,0.99978687127,0.999708440643,0.999520460358,0.999733589088,0.999643057468,0.999634006065,0.99957374254,0.99975024975,0.999733589088,0.999420961204,0.999850530616,0.999840153453,0.999638298972,0.999525116083,0.999680306905,0.99978687127,0.999414577032,0.999897530485,0.999893435635,0.999733589088,0.999680306905,0.999319371728
Papio_anubis,0.850543616967,0.998854703524,0.998051238177,0.968524225736,0.999219116039,0.999696433089,0.999167057109,0.989484095997,0.999486389317,0.999219116039,0.997397053465,0.999635587485,0.0,0.999323233901,0.998438232079,0.99927117497,0.999375292831,0.998698526732,0.930709563226,0.999114998178,0.975636420428,0.998698526732,0.999479410693,0.999427351762,0.999114998178,0.998512439087,0.999687646416,0.974282888229,0.999062939247,0.999335140388,0.999427351762,0.774376594305,0.990015953888,0.99927117497,0.999375292831,0.998906762455,0.998386173148,0.999062939247,0.999309936909,0.999167057109,0.999219116039,0.999568572935,0.999523014548,0.999114998178,0.999323233901,0.999531469624,0.999240698557,0.998490291009,0.999843823208,0.999114998178,0.999219116039,0.920193659222,0.999323233901,0.998875198119,0.999170038386,0.999607304143,0.999010880317,0.998958821386,0.998438232079,0.999299684858,0.999233481527,0.999323233901,0.998334114217,0.81732521214,0.75566881631,0.999375292831,0.998982964658,0.999285568483,0.992295278255,0.999375292831,0.998906762455,0.966630225415,0.991670571086,0.998854703524,0.999264164827,0.999167057109,0.999386126458,0.998802644594,0.999375292831,0.999375292831,0.99941344059,0.999246363705,0.999167057109,0.999010880317,0.757405382893,0.999479410693,0.963749453326,0.999010880317,0.998854703524,0.912600071389,0.761153625905,0.997605289187,0.999200799201,0.999010880317,0.998490291009,0.966518858054,0.999010880317,0.998759882189,0.998438232079,0.999375292831,0.999219116039,0.999121865548,0.999180243877,0.999427351762,0.999062939247,0.998646467802,0.999427351762
Heterocephalus_glaber,0.999438517687,0.999195106246,0.99938209991,0.999444247966,0.999302425413,0.999696433089,0.99924876583,0.99940974458,0.999178222907,0.99940974458,0.998799143737,0.999627024723,0.999323233901,0.0,0.999195106246,0.998890239391,0.99940974458,0.999195106246,0.999356430334,0.999323022444,0.999570723331,0.99940974458,0.999624382915,0.99924876583,0.99940974458,0.999487047961,0.999785361666,0.999678042498,0.999215070644,0.999028282105,0.994612183933,0.99921605519,0.999228037672,0.99940974458,0.999624382915,0.99940974458,0.999087787079,0.999356084997,0.999654968454,0.999308620965,0.999570723331,0.999376827573,0.999618411638,0.999195106246,0.999141446662,0.999678042498,0.99934193875,0.999213795272,0.999839021249,0.999316760393,0.99940974458,0.999678042498,0.999517063748,0.998926325477,0.998028841166,0.999656391125,0.999356084997,0.99940974458,0.999034127495,0.999399729878,0.999386785222,0.999628509261,0.999356084997,0.999683159951,0.999323902642,0.99940974458,0.999237223494,0.999336599306,0.999356084997,0.999570723331,0.999570723331,0.999624382915,0.999463404164,0.99940974458,0.99946038754,0.999356084997,0.9994333475,0.999141446662,0.998443872076,0.998980467912,0.999706720295,0.999472454593,0.999839021249,0.999087787079,0.999211315001,0.997692637905,0.999271101608,0.999785361666,0.99940974458,0.999541073887,0.999215727282,0.999087787079,0.99955044955,0.99940974458,0.998894562299,0.999501768721,0.999463404164,0.999018240066,0.998891937526,0.999570723331,0.99940974458,0.999170650795,0.999282713393,0.999570723331,0.999463404164,0.999141446662,0.999738219895
Otolemur_garnettii,0.998825991527,0.999022907393,0.998621607491,0.998635881372,0.999185756161,0.999595244118,0.999077190316,0.998480078167,0.999178222907,0.998805775703,0.997389442907,0.999360613811,0.998438232079,0.999195106246,0.0,0.998837393648,0.999240039084,0.998968624471,0.998659229862,0.999062646461,0.998697209858,0.99853436109,0.999348604929,0.999240039084,0.999295010846,0.998615029495,0.999674302464,0.998425795245,0.999215070644,0.999232854293,0.999413208151,0.998432110379,0.998610467809,0.999457170774,0.999131473239,0.999022907393,0.99875149278,0.999402887851,0.999063485804,0.998936339946,0.998968624471,0.999520636595,0.999523014548,0.998860058626,0.999620019542,0.999402887851,0.999139458365,0.998480004193,0.999728585387,0.9992642035,0.999294322006,0.998805775703,0.999294322006,0.998721816044,0.999066293184,0.999460043197,0.999402887851,0.999240039084,0.99853436109,0.999299684858,0.999182380295,0.999363158733,0.999077190316,0.998838253155,0.99828375286,0.99935539321,0.998982964658,0.999387630129,0.998642926935,0.999294322006,0.998656564028,0.998697209858,0.998697209858,0.99875149278,0.999313220505,0.999077190316,0.999575010625,0.999077190316,0.999348604929,0.999185756161,0.999287749288,0.999321727334,0.999022907393,0.998968624471,0.998212314002,0.999457170774,0.998590796443,0.999022907393,0.99875149278,0.998164295548,0.998326884869,0.996580175877,0.999300699301,0.999240039084,0.998578722956,0.998505306163,0.999348604929,0.998914896915,0.998997467286,0.999565736619,0.999565736619,0.999170650795,0.999180243877,0.999511453697,0.998642926935,0.99875149278,0.999267015707
Nannospalax_galili,0.9992343423,0.999101622364,0.999239507581,0.999444247966,0.99968292554,0.999494055148,0.999313005337,0.999154468108,0.998715973292,0.999471542567,0.999060199447,0.999207313851,0.99927117497,0.998890239391,0.998837393648,0.0,0.999471542567,0.999260159594,0.999048776621,0.999323022444,0.999313005337,0.999313005337,0.999630079797,0.999207313851,0.999524388311,0.998922800718,0.999630079797,0.999630079797,0.999267399267,0.999386283435,0.999101622364,0.999111529215,0.999073645206,0.999630079797,0.999735771284,0.999260159594,0.998995930878,0.999313005337,0.998718454259,0.998943085134,0.999471542567,0.99913714587,0.99871213928,0.999577234054,0.999154468108,0.999524388311,0.998785117692,0.999056554327,0.999630079797,0.999053975929,0.999577234054,0.999418696824,0.999365851081,0.998772943402,0.998755057579,0.999214608286,0.99968292554,0.999418696824,0.999101622364,0.998549347206,0.999284582758,0.999365851081,0.999260159594,0.999313513228,0.999219887664,0.999313005337,0.999033816425,0.999336599306,0.999048776621,0.999471542567,0.999207313851,0.998943085134,0.999260159594,0.999260159594,0.999362276183,0.999313005337,0.999150021249,0.999207313851,0.999260159594,0.998995930878,0.999539131892,0.999547818223,0.999313005337,0.999207313851,0.999106157001,0.999207313851,0.999028135478,0.999418696824,0.999418696824,0.999133139565,0.999215727282,0.999048776621,0.999250749251,0.999471542567,0.998631362847,0.999003537442,0.999313005337,0.999224926368,0.998997467286,0.999735771284,0.999313005337,0.99926822129,0.999231478635,0.999418696824,0.999524388311,0.998995930878,0.999005235602
Balaenoptera_acutorostrata,0.99938747384,0.9988621494,0.998669138267,0.999191633406,0.998996458087,0.999848216544,0.999247946315,0.99922604898,0.999589111454,0.956142915619,0.998903566021,0.999893435635,0.999375292831,0.99940974458,0.999240039084,0.999471542567,0.0,0.997886703845,0.999195537917,0.997031713795,0.999431268839,0.998030203546,0.999246769801,0.997236634333,0.997071583514,0.998563734291,0.999726865509,0.999290402696,0.997174254317,0.999437426482,0.999679931719,0.999163792202,0.999228037672,0.999456934941,0.998560978535,0.999077490775,0.997347333518,0.996956786366,0.999852129338,0.999468169973,0.998731988473,0.999712381957,0.999666110184,0.99827705031,0.999553322166,0.999496390801,0.99934193875,0.999318622569,0.999822295937,0.999421874179,0.999086757991,0.999115777839,0.996522364792,0.999335344343,0.99942940139,0.999852739054,0.999320613712,0.998516936584,0.998531651077,0.999749887449,0.999437886453,0.999097808205,0.997586068165,0.999313513228,0.999271895153,0.999516544908,0.998271039919,0.998724229435,0.999131001521,0.999664823194,0.998656564028,0.999176683682,0.99946036695,0.948104021079,0.997252882021,0.998302803301,0.99971667375,0.99867768595,0.999495600516,0.999325274107,0.998156527568,0.997852136559,0.99662799337,0.996490622483,0.999000999001,0.999175840349,0.999076728704,0.998393526507,0.998637763563,0.999286114935,0.999163442434,0.998962712235,0.997302697303,0.999236183098,0.999315681423,0.999153006826,0.963724667226,0.998139823283,0.997994934572,0.999160570812,0.996784387648,0.998877939311,0.99846295727,0.996942079386,0.998958390439,0.947418852557,0.999685863874
Ailuropoda_melanoleuca,0.998825991527,0.99897593446,0.998526545938,0.999040064669,0.99876724391,0.999696433089,0.998727293764,0.999391895627,0.999743194658,0.9981287644,0.998746932595,0.999840153453,0.998698526732,0.999195106246,0.998968624471,0.999260159594,0.997886703845,0.0,0.998927383889,0.998750195282,0.998976283911,0.992777413001,0.998609421172,0.998702909993,0.998698481562,0.994614003591,0.999836119305,0.99876724391,0.998691784406,0.999386283435,0.999359863438,0.99900700324,0.999073645206,0.999294015423,0.99518638098,0.998904520295,0.987289306438,0.998782714547,0.99940851735,0.999042705951,0.998731988473,0.999568572935,0.999523014548,0.998219618654,0.999218313791,0.999496390801,0.999392558846,0.999056554327,0.999765189316,0.999369317286,0.998230593607,0.999226305609,0.998238919871,0.99913083491,0.998806930179,0.999509130179,0.999377229236,0.942882301145,0.994724820535,0.999399729878,0.999182380295,0.998726317465,0.986436002069,0.998732639806,0.999115872686,0.999409110443,0.990694126621,0.998673198612,0.999022376711,0.99944137199,0.99521736794,0.998627806136,0.999354270619,0.997766067133,0.999116997792,0.998185755253,0.999622231666,0.998071625344,0.999271422967,0.999325274107,0.999078263784,0.999171000075,0.998285420358,0.99833160741,0.998527788001,0.998884649252,0.998930949026,0.995245083651,0.998532433226,0.998776197032,0.998640593956,0.998798929956,0.999000999001,0.998963391347,0.998841922409,0.998903891186,0.998004109187,0.997984808557,0.997520050654,0.999354270619,0.99878028497,0.99853644258,0.998155548724,0.998532433226,0.998519817992,0.998062811858,0.999633507853
Colobus_angolensis,0.93144811393,0.998766491473,0.99838395361,0.97261658162,0.999249168723,0.999595244118,0.999195537917,0.990882763059,0.99938366718,0.999141907111,0.997702709758,0.999627024723,0.930709563226,0.999356430334,0.998659229862,0.999048776621,0.999195537917,0.998927383889,0.0,0.999166796855,0.979405770675,0.998551968251,0.999356430334,0.9990346455,0.9990346455,0.998409848679,0.999785476778,0.968089670707,0.999372056515,0.999028282105,0.99925317401,0.925159402111,0.992434769183,0.999463691945,0.998927383889,0.998766491473,0.998551968251,0.999195537917,0.999162066246,0.998936339946,0.999141907111,0.999472700254,0.999475316003,0.998981014695,0.999410061139,0.999570953556,0.999392558846,0.998480004193,0.999678215167,0.999421874179,0.999141907111,0.899656762845,0.999195537917,0.998875198119,0.999273783588,0.999460043197,0.999141907111,0.998981014695,0.998498337445,0.999349707368,0.999284582758,0.99915087831,0.998659229862,0.88836668955,0.925421260662,0.999356430334,0.999237223494,0.999234537661,0.991633594337,0.999463691945,0.998712860667,0.970824841789,0.992974364475,0.999195537917,0.999116997792,0.999249168723,0.999480568541,0.998766491473,0.999570953556,0.998927383889,0.999329646388,0.999321727334,0.999249168723,0.998927383889,0.928071928072,0.999678215167,0.973711064678,0.998712860667,0.998820122278,0.872520524196,0.923088988811,0.997586613751,0.999200799201,0.998981014695,0.998368163394,0.972597279657,0.999141907111,0.999018240066,0.998733642887,0.999624584361,0.999302799528,0.999317006537,0.998975304847,0.999463691945,0.998766491473,0.998712860667,0.999476439791
Capra_hircus,0.998672859987,0.999062646461,0.998811730596,0.998989541757,0.998906420872,0.999544649633,0.999062646461,0.999010571265,0.999332306112,0.996250585846,0.998125292923,0.999531323231,0.999114998178,0.999323022444,0.999062646461,0.999323022444,0.997031713795,0.998750195282,0.999166796855,0.0,0.999114721658,0.998333593709,0.999375097641,0.998333593709,0.970837889913,0.99815337266,0.999635473624,0.999062646461,0.96859865646,0.999335140388,0.999427172838,0.998698120085,0.999176573517,0.999323022444,0.999166796855,0.999427172838,0.998125292923,0.962401708066,0.999359227129,0.998958496068,0.998802270479,0.999568572935,0.999618411638,0.998385668906,0.999218872051,0.999479248034,0.999392558846,0.999218872051,0.999791699214,0.999218872051,0.999166796855,0.999114721658,0.998229443316,0.99913083491,0.999221910987,0.999509130179,0.999375097641,0.998750195282,0.998593969692,0.999749887449,0.999284582758,0.998958496068,0.998281518513,0.999218872051,0.998907842729,0.999062646461,0.99877955759,0.999234537661,0.999166796855,0.999635473624,0.998698120085,0.998854345675,0.999166796855,0.996771337812,0.963355408389,0.998698120085,0.999669452708,0.998437744102,0.999583398427,0.999427172838,0.933299815653,0.843394377873,0.997500390564,0.99802114253,0.998802270479,0.999635473624,0.998687982895,0.999114721658,0.998698120085,0.998980164194,0.998854345675,0.998125292923,0.97952047952,0.999218872051,0.999114721658,0.998704598675,0.996927563402,0.998036480132,0.99786491694,0.999531323231,0.961308128938,0.998829154064,0.998872835331,0.998437744102,0.998489819299,0.995990209863,0.999427172838
Pongo_abelii,0.974937471288,0.998976283911,0.998431484386,0.944828979942,0.999260649491,0.999949405515,0.999203776375,0.990712587761,0.999589111454,0.999317522607,0.997911554326,0.999840153453,0.975636420428,0.999570723331,0.998697209858,0.999313005337,0.999431268839,0.998976283911,0.979405770675,0.999114721658,0.0,0.999124534909,0.99971563442,0.99926686217,0.998806941432,0.998974095922,0.999945373102,0.953534664164,0.99916274202,0.99964199867,0.999573242292,0.974077558273,0.992228912562,0.999619854459,0.999260649491,0.999203776375,0.998563138989,0.999059370331,0.999556388013,0.999202254959,0.999374395723,0.999616509276,0.999570713093,0.999090030143,0.999162479062,0.999720217112,0.999645659327,0.998532417842,0.999943126884,0.999369317286,0.999488141955,0.978999723681,0.999090030143,0.999437599059,0.999221910987,0.999705478107,0.999320613712,0.999203776375,0.998912334131,0.999599819919,0.999591190148,0.999469298944,0.998748791446,0.9776099699,0.974204285417,0.999731413838,0.999135519959,0.999489691774,0.993102324571,0.999553097592,0.999193938417,0.933201602722,0.992663368026,0.999260649491,0.999313220505,0.999260649491,0.999669452708,0.999173553719,0.999439556128,0.999381501265,0.999539131892,0.999434772779,0.999090030143,0.998919410795,0.974762080025,0.999488141955,0.940327518344,0.999203776375,0.999146903259,0.975829891387,0.973909860922,0.997870830376,0.999400599401,0.999290741448,0.999263041533,0.938020028897,0.999146903259,0.999018240066,0.998733642887,0.999488141955,0.999057492931,0.999365791785,0.999077774362,0.999260649491,0.998958390439,0.998919410795,0.999685863874
Mustela_putorius,0.998570772293,0.998686802364,0.998479015162,0.999040064669,0.999069818341,0.999544649633,0.998413219523,0.999015101773,0.999280945044,0.997975486977,0.998172610035,0.999520460358,0.998698526732,0.99940974458,0.99853436109,0.999313005337,0.998030203546,0.992777413001,0.998551968251,0.998333593709,0.999124534909,0.0,0.999069818341,0.998413219523,0.998535791757,0.995434726853,0.999617611712,0.998960385205,0.998482469911,0.999283997341,0.999306518724,0.998693425316,0.998559003654,0.999185402411,0.997154738455,0.999288684614,0.98889253666,0.998413219523,0.999063485804,0.998936339946,0.998358502955,0.999376827573,0.999236823277,0.998413219523,0.998905668636,0.999452834318,0.99934193875,0.999161381624,0.999835850295,0.999106532822,0.9987962355,0.998850952068,0.998303786387,0.99913083491,0.999066293184,0.999410956214,0.999179251477,0.993762311228,0.994833587122,0.999399729878,0.999233481527,0.998514037043,0.990151017728,0.998732639806,0.998647805284,0.999301675978,0.99140605136,0.998622167789,0.998587877471,0.999288684614,0.99570100489,0.998632085796,0.999124534909,0.998030203546,0.998479273976,0.998358502955,0.999386126458,0.998139636682,0.999233968046,0.999288684614,0.998952572482,0.998794181928,0.99819435325,0.997866053841,0.998790683001,0.999452834318,0.998930949026,0.996333989932,0.998358502955,0.998674213452,0.998483739412,0.998089206748,0.998601398601,0.999127066398,0.999105121861,0.998455483035,0.998139636682,0.997984808557,0.997836639932,0.99939811775,0.998358502955,0.998097375354,0.998565426786,0.9987962355,0.998139636682,0.997592471,0.999371727749
Myotis_davidii,0.999285386147,0.99914661205,0.999477161462,0.999545293791,0.999015006663,0.999797622059,0.998958694898,0.999391895627,0.99938366718,0.99936265137,0.999373466298,0.999733589088,0.999479410693,0.999624382915,0.999348604929,0.999630079797,0.999246769801,0.998609421172,0.999356430334,0.999375097641,0.99971563442,0.999069818341,0.0,0.999154071735,0.999132321041,0.998615029495,0.999617611712,0.999652355293,0.999110413396,0.999693141717,0.999839965859,0.999320581164,0.999330965982,0.999239708917,0.998725302741,0.999423431734,0.998894722299,0.999225363802,0.999457807571,0.99941498697,0.997636887608,0.999424763914,0.999332220367,0.986331265794,0.999441652708,0.999776173689,0.999493799038,0.999475863515,0.999884118431,0.999579544857,0.943264840183,0.999502625035,0.99936265137,0.999284216985,0.999273783588,0.999558217161,0.999660306856,0.99884118431,0.999021100718,0.999449752389,0.999437886453,0.936952714536,0.998965457785,0.999313513228,0.999479925109,0.99957026214,0.999237223494,0.999132476016,0.999511188355,0.999832411597,0.998710301467,0.999231571436,0.999710296077,0.999083514721,0.999166053471,0.999130888232,0.999575010625,0.998732782369,0.99960768929,0.999437728423,0.999455337691,0.999397090964,0.999199862834,0.999079507537,0.999421631001,0.999594414508,0.999514067739,0.998899125094,0.998319717249,0.999439090306,0.999424866674,0.999235682699,0.999350649351,0.999454416498,0.999473601095,0.999352299337,0.999072947448,0.99886322534,0.998786407767,0.999652355293,0.999390142485,0.999121865548,0.999026539604,0.999304710586,0.998410174881,0.998899125094,0.999267015707
